c FILE			: 2_5.txt
c No. of vertices	: 32
c No. of directed edges	: 512
c Max. weight		: 100
c Min. weight		: 0
c A directed arc from u to v of weight w
c is represented below as ' a  u  v  w '
p sp 32 512
a 24 13 66
a 24 15 55
a 3 32 87
a 26 27 8
a 24 15 78
a 29 7 12
a 20 26 65
a 6 10 4
a 13 29 21
a 29 16 22
a 6 3 27
a 31 6 49
a 7 31 2
a 22 14 98
a 30 19 58
a 24 7 27
a 32 5 57
a 5 19 21
a 19 14 38
a 13 28 93
a 24 31 61
a 10 12 99
a 19 7 99
a 29 30 20
a 19 30 58
a 22 5 82
a 8 16 60
a 2 3 58
a 22 21 65
a 14 21 84
a 21 14 61
a 8 11 17
a 2 16 65
a 27 1 87
a 12 13 21
a 15 4 33
a 27 13 44
a 24 3 95
a 13 23 94
a 14 3 68
a 32 5 69
a 12 11 73
a 24 8 64
a 9 22 89
a 4 31 86
a 12 29 59
a 4 7 82
a 1 10 15
a 13 10 15
a 20 27 25
a 17 11 45
a 4 28 24
a 26 15 44
a 17 29 41
a 27 30 79
a 7 22 46
a 18 27 70
a 28 25 68
a 13 31 73
a 17 31 11
a 20 2 3
a 29 20 34
a 1 25 96
a 19 12 21
a 13 28 29
a 19 29 19
a 23 30 99
a 10 15 38
a 28 19 73
a 6 10 91
a 15 23 87
a 16 20 9
a 20 32 35
a 31 2 25
a 3 28 11
a 29 16 22
a 17 30 93
a 27 15 91
a 30 26 4
a 6 18 43
a 21 27 47
a 23 17 43
a 6 20 64
a 17 25 46
a 19 29 63
a 26 27 49
a 32 21 12
a 10 19 47
a 9 18 12
a 15 20 68
a 5 22 26
a 4 1 49
a 17 9 27
a 16 14 99
a 3 20 93
a 13 12 84
a 24 28 47
a 25 11 63
a 32 3 78
a 14 16 59
a 8 10 16
a 4 1 64
a 18 1 89
a 15 5 51
a 22 12 63
a 7 20 21
a 26 3 83
a 5 2 30
a 32 22 96
a 10 26 7
a 23 11 83
a 26 12 52
a 29 21 67
a 22 6 37
a 24 32 49
a 10 27 39
a 15 8 63
a 26 2 41
a 5 26 92
a 17 22 13
a 18 23 6
a 11 28 91
a 13 7 73
a 15 26 76
a 2 21 78
a 11 26 58
a 1 10 59
a 4 26 66
a 11 13 15
a 28 13 3
a 9 30 79
a 12 31 12
a 19 9 18
a 29 20 10
a 1 17 42
a 27 32 72
a 29 32 24
a 26 2 92
a 22 24 68
a 18 11 23
a 22 17 89
a 23 7 21
a 30 31 92
a 14 30 30
a 8 29 22
a 5 8 38
a 11 9 89
a 2 26 43
a 31 8 67
a 26 28 2
a 22 27 29
a 24 23 76
a 10 28 19
a 17 15 56
a 23 1 91
a 4 28 1
a 11 29 77
a 1 12 27
a 16 30 29
a 7 11 63
a 32 4 96
a 8 15 64
a 13 32 80
a 27 22 54
a 12 16 84
a 14 11 82
a 18 13 0
a 17 30 72
a 9 2 97
a 16 15 79
a 27 25 52
a 31 22 43
a 28 14 40
a 9 20 50
a 29 22 42
a 23 5 70
a 22 18 23
a 11 17 78
a 2 4 98
a 9 18 38
a 27 5 31
a 28 18 89
a 16 9 16
a 17 1 37
a 20 13 50
a 16 26 84
a 14 24 55
a 13 31 22
a 4 1 48
a 2 29 97
a 3 25 94
a 6 31 18
a 14 23 27
a 24 17 88
a 20 13 11
a 3 16 52
a 3 17 29
a 1 21 30
a 27 2 61
a 2 26 75
a 27 29 36
a 31 4 42
a 12 7 44
a 30 25 92
a 19 21 52
a 13 31 60
a 8 16 0
a 30 17 96
a 7 24 12
a 20 13 22
a 5 31 71
a 28 14 87
a 17 27 28
a 21 3 90
a 21 4 16
a 27 13 0
a 15 30 21
a 10 13 50
a 5 31 34
a 24 13 55
a 18 6 49
a 29 2 7
a 11 12 14
a 23 25 42
a 10 2 81
a 21 32 16
a 7 18 21
a 18 5 5
a 28 13 11
a 8 4 89
a 23 7 34
a 32 25 6
a 27 7 9
a 29 28 74
a 21 27 63
a 29 14 67
a 30 29 97
a 3 7 48
a 30 22 83
a 16 22 66
a 6 11 72
a 21 5 76
a 16 2 99
a 5 25 4
a 13 7 42
a 28 31 45
a 21 16 95
a 21 12 35
a 27 17 13
a 32 7 22
a 2 12 94
a 2 9 26
a 3 30 42
a 17 11 25
a 16 6 11
a 8 20 63
a 29 25 34
a 24 18 1
a 15 10 30
a 13 6 84
a 27 32 93
a 17 29 47
a 16 27 9
a 2 5 82
a 21 12 48
a 12 13 94
a 12 3 1
a 32 30 41
a 17 20 0
a 4 7 31
a 12 15 93
a 20 13 65
a 7 25 10
a 4 16 54
a 18 31 35
a 23 29 81
a 31 26 7
a 12 15 12
a 26 27 91
a 9 14 60
a 18 25 92
a 18 2 13
a 20 2 72
a 2 29 83
a 4 10 72
a 16 1 19
a 16 23 49
a 3 16 83
a 7 2 3
a 21 15 88
a 9 7 79
a 2 19 10
a 1 18 83
a 25 23 37
a 30 7 61
a 16 24 30
a 28 15 40
a 15 14 85
a 19 11 28
a 16 27 43
a 16 3 94
a 3 20 18
a 18 27 72
a 29 7 99
a 15 6 98
a 11 13 82
a 8 3 17
a 24 7 17
a 16 24 60
a 24 29 95
a 30 11 9
a 32 13 67
a 24 20 22
a 21 10 29
a 12 15 19
a 21 24 2
a 25 21 91
a 18 26 15
a 2 7 69
a 15 16 49
a 21 20 74
a 20 13 46
a 11 9 61
a 29 8 99
a 13 23 61
a 8 17 64
a 26 18 23
a 19 29 11
a 3 25 18
a 16 26 99
a 7 5 19
a 19 24 93
a 23 27 1
a 23 14 63
a 13 20 76
a 13 2 84
a 7 21 54
a 30 13 12
a 10 18 21
a 5 2 42
a 14 6 91
a 4 27 39
a 22 5 19
a 6 8 86
a 30 14 56
a 13 2 54
a 22 15 68
a 8 30 77
a 25 26 27
a 22 3 81
a 11 1 62
a 9 8 79
a 18 10 53
a 26 5 61
a 32 7 33
a 3 27 76
a 30 7 13
a 27 14 4
a 6 13 85
a 10 32 31
a 13 2 51
a 14 32 73
a 24 18 19
a 8 28 58
a 16 15 31
a 10 1 23
a 29 14 5
a 30 4 51
a 19 2 88
a 5 2 98
a 10 24 57
a 1 2 96
a 7 12 49
a 1 22 68
a 3 13 44
a 16 2 41
a 3 1 18
a 13 28 45
a 19 7 12
a 2 11 18
a 1 3 0
a 7 13 0
a 17 24 56
a 22 5 74
a 20 28 46
a 19 12 73
a 17 31 72
a 3 28 55
a 29 22 15
a 15 19 41
a 19 5 68
a 9 16 57
a 18 11 52
a 28 11 19
a 24 29 91
a 32 16 47
a 21 16 35
a 18 17 73
a 19 18 84
a 6 25 19
a 7 17 34
a 11 8 52
a 24 20 18
a 8 5 38
a 26 4 27
a 28 13 56
a 10 6 42
a 11 31 79
a 26 19 42
a 12 11 97
a 27 9 78
a 5 21 90
a 20 27 33
a 27 19 18
a 6 21 0
a 3 24 59
a 1 29 61
a 14 30 50
a 25 21 52
a 5 2 43
a 18 23 59
a 1 6 3
a 10 21 58
a 28 2 6
a 7 5 18
a 1 32 92
a 23 29 67
a 6 23 58
a 13 3 7
a 16 31 75
a 27 17 18
a 13 27 81
a 9 6 83
a 18 15 63
a 12 29 54
a 24 16 67
a 13 24 68
a 21 13 9
a 25 26 60
a 20 8 63
a 3 12 82
a 18 15 92
a 4 18 62
a 22 28 79
a 10 19 13
a 30 17 16
a 8 17 3
a 24 7 36
a 20 8 87
a 11 29 96
a 31 18 66
a 30 23 24
a 25 2 19
a 29 6 55
a 20 18 30
a 9 7 60
a 1 10 54
a 23 12 88
a 6 15 70
a 16 21 46
a 3 1 24
a 32 7 95
a 32 8 20
a 25 3 18
a 18 4 63
a 7 10 9
a 22 29 28
a 13 25 90
a 17 24 80
a 28 18 10
a 12 20 50
a 1 30 50
a 31 4 54
a 1 29 4
a 24 20 77
a 31 27 97
a 25 24 74
a 8 6 14
a 10 30 2
a 25 23 94
a 4 21 75
a 31 4 24
a 1 31 49
a 12 5 9
a 9 23 70
a 10 12 52
a 24 10 40
a 16 30 31
a 30 20 76
a 2 5 3
a 20 15 31
a 13 32 92
a 14 18 77
a 19 16 38
a 18 28 50
a 23 9 15
a 19 18 41
a 32 3 95
a 21 22 44
a 19 32 96
a 4 24 88
a 25 11 58
a 14 8 0
a 4 29 71
a 6 31 39
a 16 19 34
a 5 1 59
a 10 23 82
a 3 28 32
a 22 21 50
a 30 5 83
a 4 22 17
