c FILE			: 2_7.txt
c No. of vertices	: 128
c No. of directed edges	: 2048
c Max. weight		: 100
c Min. weight		: 0
c A directed arc from u to v of weight w
c is represented below as ' a  u  v  w '
p sp 128 2048
a 24 109 66
a 120 47 55
a 67 32 87
a 58 27 8
a 88 111 78
a 6 102 12
a 29 71 65
a 84 58 4
a 102 106 21
a 77 29 22
a 29 112 27
a 70 99 49
a 95 38 2
a 103 31 98
a 118 78 58
a 94 115 27
a 120 103 57
a 32 69 21
a 101 19 38
a 19 46 93
a 109 124 61
a 56 127 99
a 74 44 99
a 19 103 20
a 61 126 58
a 51 126 82
a 118 69 60
a 104 80 58
a 98 99 65
a 86 117 84
a 110 85 61
a 85 78 17
a 8 43 65
a 98 112 87
a 59 65 21
a 12 77 33
a 15 68 44
a 123 45 95
a 120 99 94
a 13 87 68
a 14 99 69
a 96 101 73
a 44 11 64
a 88 40 89
a 41 86 86
a 100 95 59
a 12 125 82
a 68 71 15
a 65 74 15
a 109 10 25
a 84 27 45
a 17 11 24
a 4 92 44
a 90 111 41
a 113 29 79
a 123 126 46
a 7 22 70
a 18 123 68
a 92 25 73
a 109 63 11
a 113 127 3
a 116 2 34
a 125 84 96
a 33 25 21
a 83 12 29
a 77 92 19
a 83 61 99
a 87 94 38
a 42 111 73
a 60 83 91
a 102 10 87
a 15 55 9
a 112 84 35
a 52 64 25
a 95 2 11
a 58 90 22
a 99 28 93
a 93 16 91
a 49 126 4
a 91 47 43
a 30 26 47
a 6 50 43
a 85 27 64
a 87 81 46
a 6 84 63
a 17 121 49
a 51 61 12
a 26 91 47
a 96 21 12
a 42 115 68
a 73 50 26
a 5 37 49
a 111 20 27
a 69 118 99
a 36 1 93
a 113 41 84
a 48 46 47
a 74 42 63
a 35 20 78
a 109 12 59
a 88 92 16
a 121 107 64
a 32 67 89
a 46 112 51
a 8 10 63
a 100 1 21
a 114 65 83
a 47 37 30
a 54 76 96
a 59 27 7
a 7 52 83
a 122 35 52
a 69 66 67
a 128 22 37
a 106 58 49
a 87 107 39
a 58 76 63
a 93 21 41
a 54 102 92
a 120 96 13
a 10 123 6
a 79 40 91
a 26 34 73
a 37 90 76
a 81 22 78
a 50 119 58
a 11 92 59
a 109 103 66
a 111 26 15
a 98 85 3
a 11 90 79
a 97 10 12
a 36 122 18
a 11 45 10
a 124 109 42
a 9 62 72
a 76 31 24
a 115 9 92
a 93 84 68
a 1 81 23
a 91 96 89
a 93 64 21
a 26 34 92
a 118 88 30
a 82 43 22
a 54 113 38
a 87 39 89
a 126 127 43
a 46 30 67
a 88 56 2
a 72 61 29
a 101 72 76
a 75 105 19
a 66 122 56
a 20 116 91
a 63 8 1
a 58 92 77
a 22 123 27
a 88 23 29
a 106 28 63
a 113 15 96
a 23 97 64
a 4 60 80
a 43 29 54
a 97 12 84
a 48 94 82
a 7 11 0
a 93 61 72
a 64 100 97
a 72 79 79
a 13 96 52
a 27 118 43
a 44 112 40
a 88 56 50
a 46 43 42
a 50 77 70
a 81 30 23
a 105 34 78
a 80 15 98
a 91 121 38
a 95 118 31
a 28 14 89
a 73 20 16
a 125 86 37
a 87 101 50
a 54 82 84
a 75 81 55
a 98 100 22
a 73 18 48
a 91 69 97
a 124 114 94
a 112 41 18
a 113 33 27
a 84 13 88
a 112 122 11
a 78 88 52
a 45 31 29
a 68 33 30
a 98 29 61
a 67 25 75
a 102 63 36
a 14 23 42
a 24 81 44
a 116 13 92
a 67 80 52
a 99 113 60
a 1 21 0
a 27 2 96
a 34 58 12
a 59 61 22
a 31 4 71
a 44 71 87
a 30 121 28
a 83 53 90
a 109 63 16
a 40 80 0
a 62 113 21
a 71 88 50
a 20 77 34
a 101 63 55
a 92 110 49
a 17 27 7
a 85 3 14
a 85 68 42
a 59 45 81
a 47 30 16
a 10 45 21
a 101 63 5
a 88 109 11
a 114 70 89
a 93 66 34
a 43 44 6
a 87 25 9
a 74 2 74
a 21 64 63
a 103 82 67
a 18 101 97
a 124 45 48
a 104 36 83
a 119 71 66
a 32 57 72
a 123 103 76
a 29 60 99
a 85 123 4
a 29 78 42
a 30 29 45
a 3 7 95
a 94 54 35
a 80 54 13
a 102 43 22
a 85 69 94
a 48 66 26
a 69 25 42
a 45 71 25
a 28 63 11
a 53 48 63
a 117 12 34
a 59 17 1
a 64 39 30
a 2 108 84
a 66 105 93
a 99 94 47
a 81 43 9
a 112 102 82
a 72 84 48
a 93 89 94
a 24 50 1
a 15 42 41
a 45 102 0
a 59 32 31
a 113 93 93
a 80 59 65
a 2 37 10
a 21 12 54
a 44 77 35
a 12 35 81
a 96 62 7
a 17 84 12
a 4 39 91
a 44 15 60
a 84 45 92
a 22 118 13
a 7 89 72
a 36 80 83
a 82 63 72
a 87 93 19
a 127 122 49
a 108 111 83
a 26 59 3
a 105 46 88
a 82 57 79
a 18 2 10
a 20 2 83
a 2 125 37
a 36 42 61
a 16 97 30
a 80 23 40
a 3 80 85
a 71 2 28
a 53 79 43
a 9 71 94
a 98 19 18
a 33 114 72
a 121 87 99
a 126 103 98
a 16 120 82
a 92 47 17
a 79 78 17
a 115 107 60
a 80 123 95
a 80 99 9
a 3 20 67
a 114 27 22
a 29 7 29
a 111 6 19
a 11 77 2
a 40 67 91
a 120 71 15
a 80 120 69
a 120 93 49
a 94 75 74
a 32 13 46
a 56 116 61
a 53 42 99
a 108 111 61
a 53 56 64
a 89 21 23
a 18 90 11
a 2 103 18
a 111 80 99
a 85 84 19
a 20 109 93
a 43 73 1
a 61 104 63
a 45 23 76
a 40 113 84
a 58 114 54
a 83 61 12
a 3 121 21
a 112 26 42
a 103 37 91
a 19 24 39
a 55 27 19
a 23 110 86
a 77 20 56
a 45 2 54
a 39 21 68
a 62 13 77
a 74 82 27
a 101 34 81
a 78 102 62
a 36 27 79
a 22 101 53
a 38 104 61
a 126 110 33
a 13 98 76
a 22 15 13
a 72 30 4
a 57 122 85
a 118 35 31
a 107 1 51
a 41 8 73
a 82 42 19
a 26 101 58
a 96 71 31
a 41 9 23
a 67 27 5
a 62 7 51
a 123 110 88
a 38 45 98
a 74 64 57
a 13 34 96
a 110 32 49
a 56 18 68
a 40 60 44
a 112 79 41
a 10 97 18
a 29 110 45
a 94 100 12
a 19 98 18
a 101 98 0
a 74 24 0
a 1 98 56
a 71 76 74
a 97 86 46
a 99 45 73
a 95 31 72
a 112 66 55
a 99 33 15
a 45 124 41
a 83 103 68
a 2 107 57
a 33 35 52
a 39 77 19
a 49 24 91
a 54 101 47
a 84 28 35
a 51 44 73
a 113 31 84
a 99 28 19
a 61 86 34
a 111 51 52
a 83 101 18
a 121 89 38
a 105 16 27
a 50 107 56
a 124 75 42
a 120 61 79
a 128 80 42
a 117 80 97
a 82 81 78
a 51 82 90
a 70 121 33
a 103 81 18
a 43 72 0
a 88 84 59
a 40 37 61
a 26 68 50
a 28 77 52
a 10 38 43
a 11 127 59
a 90 83 3
a 12 11 58
a 123 41 6
a 5 21 18
a 20 123 92
a 27 19 67
a 102 21 58
a 35 24 7
a 1 93 75
a 110 126 18
a 89 21 81
a 101 98 83
a 18 119 63
a 65 6 54
a 106 117 67
a 60 98 68
a 71 37 9
a 65 32 60
a 23 125 63
a 65 33 82
a 6 87 92
a 45 99 62
a 48 31 79
a 91 17 13
a 77 59 16
a 41 102 3
a 82 47 36
a 76 29 87
a 56 48 96
a 13 24 66
a 85 45 24
a 89 90 19
a 20 72 55
a 67 108 30
a 82 15 60
a 68 82 54
a 22 124 88
a 106 19 70
a 126 17 46
a 40 113 24
a 120 71 95
a 84 8 20
a 43 125 18
a 31 50 63
a 62 119 9
a 89 66 28
a 61 38 90
a 52 18 80
a 105 7 10
a 97 42 50
a 119 44 50
a 6 47 54
a 48 117 4
a 99 65 77
a 32 7 97
a 96 8 74
a 89 35 14
a 82 100 2
a 71 42 94
a 86 125 75
a 45 57 24
a 113 24 49
a 60 50 9
a 44 20 70
a 97 126 52
a 127 100 40
a 1 61 31
a 24 20 76
a 31 59 3
a 89 24 31
a 72 6 92
a 10 94 77
a 121 119 38
a 4 53 50
a 63 68 15
a 65 95 41
a 44 101 95
a 105 87 44
a 42 44 96
a 120 42 88
a 112 126 58
a 62 52 0
a 98 69 71
a 84 47 39
a 77 64 34
a 14 18 59
a 19 112 82
a 82 60 32
a 55 9 50
a 51 18 83
a 64 3 17
a 53 86 75
a 83 32 91
a 36 56 57
a 25 43 38
a 78 104 30
a 68 61 13
a 38 31 56
a 80 19 67
a 101 97 1
a 74 55 21
a 99 92 61
a 118 85 34
a 30 101 62
a 36 118 78
a 58 23 90
a 80 9 52
a 38 93 20
a 18 112 61
a 59 53 40
a 16 101 84
a 50 119 79
a 4 14 89
a 55 57 60
a 89 91 17
a 53 56 57
a 93 38 91
a 118 93 98
a 2 123 86
a 107 110 68
a 55 92 58
a 120 70 30
a 56 118 2
a 4 127 20
a 106 80 86
a 94 111 84
a 97 54 19
a 34 3 0
a 108 38 3
a 52 126 41
a 104 118 54
a 101 111 50
a 56 43 46
a 86 59 34
a 8 18 99
a 76 26 34
a 42 117 38
a 97 71 26
a 61 89 66
a 29 84 72
a 78 54 1
a 31 3 83
a 40 61 47
a 1 105 77
a 114 67 59
a 39 120 98
a 79 98 40
a 35 37 59
a 67 88 43
a 126 119 77
a 65 100 30
a 58 37 68
a 78 88 50
a 1 37 47
a 4 24 89
a 30 2 12
a 6 71 43
a 104 40 35
a 3 96 24
a 85 107 13
a 14 70 34
a 51 107 53
a 92 3 98
a 37 47 89
a 115 70 42
a 2 126 48
a 68 29 11
a 20 67 36
a 100 54 6
a 80 97 21
a 94 83 65
a 63 49 3
a 43 126 96
a 62 80 74
a 112 26 69
a 125 123 40
a 54 64 68
a 6 48 80
a 63 9 67
a 120 51 39
a 16 128 77
a 70 97 39
a 119 69 26
a 90 69 70
a 56 66 30
a 50 25 89
a 57 63 89
a 57 109 21
a 71 59 37
a 94 8 82
a 125 18 44
a 28 73 51
a 127 61 18
a 87 53 84
a 53 96 13
a 84 101 47
a 100 68 50
a 28 65 58
a 86 17 77
a 42 87 0
a 70 69 40
a 8 80 30
a 27 60 77
a 27 106 95
a 6 84 28
a 102 37 91
a 30 119 37
a 30 25 1
a 6 86 96
a 93 103 34
a 17 86 77
a 90 14 23
a 125 85 23
a 66 38 99
a 57 51 26
a 123 124 10
a 10 123 80
a 12 75 34
a 53 7 99
a 107 75 43
a 111 24 22
a 2 44 8
a 5 79 97
a 110 98 94
a 55 89 75
a 78 60 19
a 7 72 73
a 68 112 11
a 21 64 83
a 37 1 63
a 63 18 82
a 116 108 69
a 54 89 21
a 117 82 27
a 38 73 95
a 47 86 43
a 103 106 14
a 104 108 96
a 39 79 43
a 11 15 35
a 83 82 4
a 25 84 71
a 31 116 35
a 103 110 60
a 69 119 59
a 11 123 6
a 31 76 13
a 29 24 5
a 95 120 7
a 90 19 34
a 27 42 94
a 93 51 31
a 94 37 11
a 88 49 91
a 119 84 66
a 1 37 84
a 106 102 82
a 90 76 20
a 67 6 39
a 25 61 11
a 86 92 60
a 69 112 26
a 95 12 22
a 28 43 56
a 77 98 32
a 65 69 47
a 12 91 69
a 7 84 38
a 29 51 63
a 22 24 98
a 127 60 71
a 26 70 6
a 66 112 96
a 49 127 21
a 103 94 66
a 75 27 96
a 102 105 31
a 15 63 98
a 123 73 45
a 104 36 90
a 80 21 45
a 81 68 22
a 40 106 82
a 9 73 49
a 113 36 2
a 30 67 76
a 44 100 69
a 27 108 55
a 70 114 15
a 54 117 28
a 40 4 89
a 91 10 72
a 25 95 70
a 125 116 67
a 60 121 63
a 12 14 23
a 123 125 17
a 116 48 32
a 63 127 58
a 69 113 68
a 67 35 52
a 121 22 8
a 65 56 43
a 2 87 75
a 82 39 99
a 82 26 91
a 17 48 63
a 1 119 72
a 11 2 91
a 10 94 93
a 24 63 35
a 124 47 99
a 117 16 30
a 124 46 21
a 53 102 21
a 6 15 20
a 102 110 49
a 101 61 41
a 46 74 56
a 9 73 26
a 8 58 61
a 104 32 22
a 41 32 38
a 95 94 58
a 102 56 18
a 113 44 51
a 92 64 79
a 8 48 43
a 27 122 48
a 67 35 73
a 64 78 7
a 42 71 36
a 40 94 54
a 35 83 32
a 89 88 59
a 21 91 57
a 62 69 65
a 69 63 90
a 50 85 32
a 68 10 35
a 95 7 97
a 99 28 13
a 113 96 59
a 49 119 39
a 4 49 5
a 95 20 29
a 113 119 26
a 59 6 62
a 78 50 54
a 4 43 38
a 48 96 78
a 42 8 10
a 43 69 48
a 104 75 44
a 86 32 25
a 1 10 17
a 105 19 10
a 24 42 55
a 25 77 35
a 33 69 37
a 43 42 27
a 32 44 29
a 11 42 23
a 5 105 42
a 2 73 81
a 124 67 6
a 119 33 97
a 53 109 14
a 69 49 64
a 68 117 63
a 33 76 33
a 7 110 52
a 60 104 1
a 5 89 33
a 83 91 17
a 61 24 80
a 2 78 9
a 110 8 57
a 40 47 3
a 28 47 43
a 69 91 73
a 65 64 75
a 87 48 53
a 119 98 23
a 87 44 11
a 66 75 14
a 42 124 24
a 80 40 56
a 109 48 44
a 42 114 93
a 31 84 54
a 81 27 36
a 55 81 6
a 60 14 49
a 79 26 12
a 42 84 55
a 101 31 9
a 5 75 1
a 106 29 14
a 24 45 85
a 72 13 35
a 25 8 22
a 108 95 67
a 60 31 70
a 75 46 20
a 15 111 16
a 79 126 15
a 68 46 32
a 126 22 84
a 82 96 47
a 46 87 70
a 6 117 41
a 39 121 49
a 82 87 22
a 63 78 96
a 95 63 39
a 18 40 46
a 28 95 6
a 114 122 26
a 10 73 36
a 98 121 58
a 50 82 61
a 95 102 16
a 74 82 6
a 5 121 61
a 90 53 50
a 97 93 22
a 63 106 70
a 95 54 1
a 61 49 23
a 46 86 69
a 27 113 72
a 36 73 0
a 81 56 30
a 62 92 92
a 56 126 44
a 59 61 49
a 120 79 92
a 6 7 18
a 44 89 61
a 28 29 70
a 90 103 21
a 26 62 24
a 127 49 26
a 62 15 37
a 2 25 52
a 102 79 98
a 22 110 82
a 17 25 77
a 128 64 83
a 26 39 52
a 13 10 7
a 53 92 80
a 1 40 55
a 109 101 58
a 39 42 44
a 104 100 87
a 102 28 94
a 38 80 93
a 21 38 53
a 6 128 13
a 82 113 8
a 23 101 93
a 69 98 30
a 102 52 72
a 100 120 56
a 2 46 46
a 3 2 74
a 1 20 48
a 22 5 23
a 53 86 62
a 87 50 32
a 98 1 45
a 52 5 45
a 85 51 30
a 123 41 77
a 108 72 68
a 123 38 10
a 5 92 53
a 98 67 81
a 66 119 54
a 14 9 69
a 103 123 57
a 61 94 29
a 89 59 79
a 38 118 73
a 59 10 51
a 92 121 70
a 67 1 20
a 54 50 13
a 16 21 12
a 63 74 64
a 66 90 47
a 83 41 80
a 42 58 55
a 102 98 82
a 38 36 17
a 1 113 24
a 69 28 51
a 58 3 57
a 16 41 56
a 11 40 17
a 79 45 37
a 101 71 48
a 28 45 5
a 101 31 84
a 111 118 8
a 30 7 19
a 123 118 83
a 35 49 66
a 53 70 6
a 51 13 11
a 104 110 32
a 9 83 45
a 7 53 19
a 85 47 86
a 106 73 76
a 28 12 7
a 117 6 94
a 49 35 67
a 40 57 54
a 97 64 13
a 18 34 61
a 77 72 48
a 106 47 42
a 51 126 86
a 60 84 37
a 63 123 48
a 64 25 15
a 27 15 2
a 126 116 64
a 103 45 60
a 112 124 94
a 108 119 46
a 11 107 41
a 82 117 57
a 128 58 33
a 56 86 35
a 19 91 26
a 24 120 56
a 58 120 87
a 59 121 15
a 58 123 24
a 121 71 12
a 122 52 27
a 43 21 89
a 18 12 84
a 52 44 76
a 55 14 15
a 62 128 6
a 12 28 90
a 101 49 40
a 128 107 23
a 118 34 41
a 74 32 60
a 97 85 89
a 51 50 79
a 55 56 65
a 72 69 20
a 82 75 33
a 28 113 37
a 123 44 75
a 51 101 68
a 63 114 13
a 39 23 56
a 20 104 24
a 20 35 19
a 46 113 43
a 3 36 25
a 100 112 82
a 85 7 48
a 114 69 76
a 46 92 19
a 39 10 14
a 116 35 46
a 75 125 68
a 45 39 74
a 57 86 44
a 19 106 60
a 43 25 59
a 124 3 96
a 113 79 99
a 114 73 92
a 3 111 57
a 61 2 18
a 49 92 81
a 119 101 1
a 11 101 9
a 26 28 2
a 126 31 69
a 94 40 77
a 125 48 19
a 122 58 13
a 107 84 83
a 101 23 47
a 70 85 56
a 119 81 86
a 63 58 12
a 62 112 19
a 61 63 36
a 25 119 13
a 80 118 12
a 58 5 28
a 69 97 35
a 106 6 11
a 60 91 19
a 40 63 50
a 121 50 91
a 105 114 28
a 24 48 74
a 65 76 68
a 85 43 4
a 3 78 76
a 94 36 45
a 12 33 73
a 38 67 71
a 35 97 60
a 21 109 65
a 113 127 34
a 53 90 16
a 14 49 14
a 20 126 48
a 30 38 31
a 96 51 56
a 4 17 2
a 84 110 43
a 85 53 85
a 44 7 45
a 77 61 9
a 47 123 15
a 3 98 84
a 63 87 7
a 100 43 57
a 127 99 3
a 69 107 36
a 110 75 55
a 104 48 53
a 9 111 83
a 122 3 15
a 18 12 10
a 92 46 16
a 95 1 63
a 7 108 34
a 44 113 33
a 59 77 73
a 26 57 12
a 104 39 0
a 126 109 23
a 78 7 15
a 111 65 82
a 110 54 93
a 59 95 90
a 52 90 64
a 122 39 28
a 62 102 87
a 106 14 34
a 127 3 91
a 82 96 84
a 82 52 89
a 112 71 5
a 64 11 95
a 9 102 48
a 43 52 66
a 7 85 44
a 43 35 43
a 22 52 94
a 41 37 72
a 90 91 53
a 117 6 75
a 29 122 10
a 66 127 52
a 42 38 85
a 70 63 22
a 6 15 39
a 82 52 70
a 106 8 6
a 52 118 64
a 128 48 9
a 58 55 20
a 17 25 76
a 36 37 23
a 24 50 86
a 69 99 56
a 111 28 74
a 68 117 92
a 43 31 11
a 44 99 76
a 125 111 40
a 82 63 43
a 12 6 97
a 123 50 92
a 46 50 51
a 128 67 83
a 8 66 82
a 86 50 53
a 94 3 69
a 43 99 21
a 33 47 26
a 64 17 6
a 122 73 79
a 109 75 37
a 87 55 39
a 9 86 45
a 26 128 52
a 54 11 70
a 31 122 71
a 62 51 52
a 37 13 59
a 109 53 36
a 100 120 25
a 29 6 85
a 90 63 97
a 23 14 96
a 19 33 20
a 45 32 29
a 59 62 36
a 74 63 19
a 122 43 93
a 79 18 84
a 54 10 52
a 30 20 97
a 48 104 86
a 48 37 24
a 77 36 14
a 63 42 8
a 3 46 88
a 56 114 34
a 13 116 86
a 102 46 11
a 45 78 29
a 92 85 49
a 116 24 5
a 10 50 95
a 105 123 1
a 55 5 20
a 2 90 44
a 71 106 92
a 67 128 14
a 79 24 58
a 25 76 76
a 28 105 80
a 18 102 85
a 23 35 13
a 28 70 48
a 7 110 70
a 26 72 73
a 42 109 31
a 96 70 85
a 123 92 56
a 42 59 23
a 90 22 92
a 107 118 17
a 15 3 78
a 65 123 60
a 77 26 10
a 7 28 6
a 4 54 90
a 14 1 23
a 101 108 32
a 104 81 88
a 62 43 19
a 87 73 59
a 20 96 22
a 79 2 5
a 5 51 51
a 19 74 52
a 125 22 66
a 78 117 7
a 97 126 11
a 37 100 31
a 113 15 87
a 39 26 91
a 115 38 31
a 49 101 90
a 6 44 57
a 120 66 76
a 104 13 27
a 3 69 84
a 116 91 95
a 23 106 56
a 115 1 22
a 50 82 33
a 127 125 84
a 25 23 1
a 73 83 44
a 14 38 87
a 33 52 30
a 91 63 37
a 26 116 8
a 126 62 64
a 93 77 88
a 124 43 14
a 14 99 7
a 83 6 83
a 8 14 59
a 124 109 38
a 8 127 78
a 16 27 29
a 42 109 68
a 84 94 25
a 6 18 18
a 114 116 98
a 73 15 6
a 40 44 38
a 103 8 56
a 50 113 30
a 15 46 64
a 32 62 36
a 83 104 59
a 91 112 79
a 79 3 96
a 33 28 7
a 114 14 72
a 114 86 95
a 128 77 61
a 10 7 27
a 61 93 55
a 7 114 75
a 115 119 56
a 50 60 85
a 36 75 99
a 30 17 73
a 89 4 80
a 27 8 74
a 122 35 74
a 12 22 41
a 3 36 39
a 106 11 59
a 76 86 4
a 46 93 17
a 67 85 85
a 114 32 76
a 107 71 96
a 14 25 89
a 75 79 93
a 68 109 33
a 40 29 2
a 104 122 83
a 96 67 29
a 89 72 56
a 112 2 70
a 99 94 56
a 55 70 93
a 51 21 19
a 40 71 50
a 117 12 28
a 50 39 16
a 102 96 99
a 14 106 71
a 64 19 46
a 90 93 14
a 12 66 77
a 50 27 93
a 31 36 6
a 67 68 44
a 115 100 58
a 18 120 93
a 123 81 21
a 83 55 90
a 82 68 0
a 41 42 19
a 35 74 51
a 48 3 45
a 41 120 96
a 26 66 16
a 112 16 81
a 67 82 68
a 76 3 66
a 77 107 72
a 53 57 19
a 126 52 33
a 24 16 33
a 29 49 67
a 34 68 33
a 63 118 41
a 23 112 77
a 74 27 48
a 43 67 76
a 10 65 91
a 65 1 58
a 38 33 84
a 41 50 53
a 33 99 37
a 32 109 94
a 97 116 44
a 39 88 78
a 25 2 88
a 96 123 15
a 8 110 48
a 36 50 44
a 98 97 9
a 40 52 33
a 121 65 70
a 74 93 13
a 76 65 44
a 45 6 53
a 94 114 66
a 29 115 56
a 127 58 74
a 1 28 69
a 110 71 35
a 67 37 98
a 89 96 22
a 9 66 4
a 72 1 37
a 122 47 97
a 14 3 67
a 7 96 19
a 65 120 32
a 78 41 85
a 75 114 55
a 25 66 63
a 104 33 94
a 80 108 73
a 67 87 61
a 45 96 58
a 121 109 21
a 88 74 13
a 86 11 17
a 4 64 46
a 84 92 77
a 91 124 77
a 54 73 76
a 61 122 75
a 18 115 27
a 111 54 38
a 40 60 39
a 11 10 62
a 26 110 18
a 123 74 96
a 109 103 71
a 65 126 5
a 51 27 41
a 96 49 65
a 122 118 6
a 15 23 66
a 40 30 27
a 107 98 81
a 18 101 78
a 4 57 12
a 62 16 60
a 95 46 74
a 103 105 65
a 123 125 28
a 70 71 87
a 25 125 29
a 50 95 91
a 81 100 62
a 108 27 29
a 114 94 69
a 62 119 82
a 14 35 34
a 26 111 67
a 80 123 19
a 14 101 41
a 35 4 22
a 5 18 9
a 83 115 60
a 7 44 79
a 22 39 27
a 123 13 54
a 2 120 6
a 67 121 55
a 107 54 77
a 102 77 2
a 32 114 64
a 114 23 87
a 116 96 98
a 38 103 58
a 2 27 17
a 6 61 96
a 122 6 62
a 16 98 10
a 85 44 11
a 106 30 97
a 35 73 65
a 120 118 46
a 114 54 43
a 124 86 60
a 1 118 22
a 36 12 82
a 43 111 45
a 68 65 52
a 6 79 22
a 6 31 83
a 118 55 20
a 50 82 55
a 77 44 76
a 91 108 84
a 116 93 85
a 121 109 33
a 92 95 40
a 52 42 53
a 8 101 9
a 97 95 23
a 70 16 36
a 27 123 75
a 44 28 60
a 88 66 3
a 42 40 74
a 98 94 26
a 35 64 17
a 25 85 14
a 23 79 9
a 12 102 52
a 57 50 95
a 7 105 89
a 101 120 54
a 35 120 24
a 46 90 85
a 103 50 13
a 16 27 82
a 60 62 33
a 66 2 54
a 80 63 43
a 16 44 28
a 91 101 70
a 110 91 16
a 127 51 40
a 108 75 48
a 26 65 27
a 45 66 60
a 50 70 73
a 27 73 20
a 33 60 76
a 127 27 85
a 29 122 49
a 21 62 12
a 92 23 57
a 22 73 22
a 100 92 61
a 122 2 76
a 127 22 15
a 37 52 94
a 44 100 90
a 52 24 36
a 10 62 44
a 43 77 38
a 6 101 52
a 74 124 81
a 81 57 27
a 120 49 1
a 99 67 27
a 22 13 9
a 115 61 11
a 118 51 29
a 48 99 23
a 128 23 81
a 103 20 8
a 122 76 35
a 86 47 45
a 97 95 95
a 34 79 82
a 22 112 67
a 47 60 74
a 88 29 18
a 76 32 13
a 24 21 93
a 33 29 1
a 92 11 26
a 68 83 42
a 37 39 91
a 65 94 8
a 39 123 70
a 106 123 57
a 117 47 38
a 45 30 43
a 48 90 40
a 50 20 9
a 124 126 57
a 63 42 53
a 25 93 73
a 75 80 84
a 32 15 74
a 73 51 15
a 77 111 56
a 26 35 69
a 59 31 84
a 65 53 94
a 41 19 15
a 87 61 95
a 106 35 21
a 70 128 93
a 4 44 66
a 87 72 10
a 24 33 44
a 33 19 32
a 46 32 0
a 114 123 33
a 101 81 80
a 1 80 26
a 44 16 49
a 119 49 95
a 8 46 29
a 122 60 19
a 26 24 94
a 106 110 84
a 126 77 80
a 109 81 23
a 41 93 90
a 127 12 88
a 46 112 69
a 21 67 75
a 44 75 78
a 78 53 47
a 65 52 39
a 15 14 14
a 82 53 79
a 73 124 80
a 94 101 52
a 14 84 49
a 122 128 5
a 50 49 49
a 42 71 31
a 30 24 37
a 121 59 97
a 2 72 24
a 125 55 21
a 11 26 81
a 4 123 29
a 78 39 58
a 75 20 49
a 43 65 66
a 73 124 6
a 99 18 57
a 97 82 19
a 21 90 58
a 95 119 31
a 120 74 41
a 62 105 6
a 47 107 95
a 108 25 41
a 52 70 82
a 17 97 30
a 36 81 80
a 70 97 15
a 117 26 10
a 116 61 90
a 37 126 61
a 52 63 57
a 78 113 26
a 18 119 29
a 80 62 65
a 96 109 90
a 46 61 52
a 35 36 29
a 13 96 2
a 51 6 71
a 62 51 91
a 40 2 40
a 103 3 93
a 59 55 32
a 17 46 67
a 98 6 39
a 119 117 15
a 100 37 25
a 120 33 47
a 35 117 71
a 19 24 71
a 68 69 64
a 24 117 24
a 48 23 88
a 69 49 68
a 74 115 19
a 53 26 68
a 102 35 74
a 4 103 88
a 83 112 8
a 114 34 60
a 106 19 80
a 36 113 65
a 33 125 35
a 116 88 3
a 58 113 51
a 116 55 96
a 115 70 20
a 52 53 56
a 4 125 35
a 37 119 96
a 41 53 32
a 15 61 16
a 124 46 95
a 100 91 41
a 124 95 43
a 85 122 33
a 18 110 79
a 48 40 78
a 116 18 11
a 110 76 81
a 50 87 21
a 82 6 35
a 102 126 93
a 78 37 93
a 64 17 17
a 85 124 18
a 106 79 64
a 93 103 92
a 8 116 56
a 98 53 75
a 40 70 4
a 36 92 54
a 65 22 11
a 34 59 35
a 91 125 55
a 93 23 63
a 123 57 70
a 26 5 11
a 103 50 13
a 37 26 50
a 126 100 62
a 51 104 82
a 110 83 85
a 23 51 99
a 95 123 87
a 97 32 16
a 121 17 44
a 73 104 73
a 77 115 86
a 96 106 63
a 97 50 90
a 86 42 81
a 55 1 21
a 114 81 94
a 118 34 11
a 74 24 19
a 31 45 72
a 52 54 32
a 13 31 53
a 38 67 89
a 55 49 19
a 48 17 6
a 18 28 93
a 41 38 46
a 69 70 84
a 75 40 14
a 97 105 34
a 1 106 43
a 53 108 84
a 76 23 47
a 27 36 12
a 87 18 7
a 34 52 23
a 25 65 76
a 26 13 32
a 70 118 22
a 27 70 6
a 1 25 2
a 126 108 33
a 54 68 95
a 73 109 57
a 118 45 20
a 26 106 94
a 21 106 65
a 8 67 9
a 118 66 84
a 108 63 78
a 39 3 14
a 15 105 83
a 56 27 25
a 28 100 19
a 65 86 90
a 24 96 35
a 74 121 96
a 72 95 52
a 74 83 5
a 18 103 57
a 128 75 89
a 81 42 63
a 20 120 49
a 128 93 5
a 96 100 8
a 85 105 82
a 61 36 35
a 87 50 47
a 71 14 96
a 43 14 42
a 1 77 52
a 97 103 39
a 80 118 4
a 49 79 48
a 113 126 9
a 86 36 97
a 117 114 56
a 47 17 56
a 120 107 14
a 104 62 92
a 38 47 57
a 7 32 70
a 118 44 6
a 66 120 6
a 55 90 40
a 114 64 56
a 122 83 44
a 100 82 8
a 64 114 90
a 99 90 23
a 91 58 11
a 99 85 87
a 41 112 99
a 89 8 97
a 35 19 78
a 100 49 75
a 3 31 35
a 50 24 30
a 60 69 31
a 45 96 72
a 122 62 74
a 42 31 14
a 14 77 69
a 48 46 12
a 99 114 35
a 40 98 13
a 124 17 19
a 49 21 35
a 75 87 25
a 9 77 6
a 118 106 47
a 84 64 15
a 59 66 86
a 21 29 84
a 28 31 57
a 94 74 42
a 80 111 22
a 29 97 19
a 47 17 89
a 55 61 83
a 99 87 76
a 37 71 72
a 85 13 48
a 53 121 16
a 33 116 74
a 8 48 38
a 74 115 1
a 122 44 59
a 55 114 21
a 83 22 72
a 59 110 72
a 92 55 5
a 55 78 80
a 62 109 89
a 78 123 92
a 19 47 18
a 39 109 67
a 71 121 65
a 37 93 96
a 78 106 43
a 11 53 40
a 84 107 76
a 64 105 69
a 69 75 61
a 5 25 49
a 53 46 51
a 53 116 53
a 25 66 21
a 41 24 75
a 97 113 9
a 43 10 71
a 38 12 83
a 55 54 66
a 19 5 66
a 48 15 22
a 102 85 70
a 48 128 80
a 92 75 17
a 111 11 64
a 58 109 29
a 16 97 61
a 74 6 47
a 75 63 13
a 120 1 90
a 10 62 66
a 119 109 48
a 32 97 11
a 14 58 47
a 67 78 17
a 11 97 81
a 108 100 19
a 15 34 69
a 48 101 31
a 12 112 63
a 1 20 76
a 123 23 29
a 101 59 65
a 67 55 12
a 82 9 47
a 71 15 86
a 64 53 94
a 120 63 32
a 96 76 8
a 60 59 39
a 88 79 3
a 83 81 86
a 99 19 84
a 5 25 59
a 107 110 48
a 93 3 61
a 13 6 75
a 49 56 34
a 102 15 12
a 30 110 7
a 1 48 98
a 92 93 6
a 96 107 18
a 20 103 16
a 51 10 84
a 118 80 38
a 28 35 62
a 104 62 74
a 65 23 13
a 13 40 4
a 46 95 64
a 104 12 78
a 32 25 33
a 78 122 77
a 7 12 2
a 9 39 79
a 24 31 10
a 67 87 59
a 64 25 57
a 95 110 31
a 122 126 9
a 100 65 87
a 76 45 84
a 70 34 76
a 82 105 40
a 55 32 10
a 96 42 77
a 26 64 46
a 114 72 81
a 54 128 87
a 44 50 64
a 85 122 51
a 43 103 87
a 56 109 92
a 2 84 10
a 115 61 66
a 101 2 11
a 14 37 24
a 83 99 75
a 85 70 23
a 120 32 39
a 81 7 57
a 80 114 55
a 32 24 99
a 58 76 33
a 96 71 54
a 114 7 8
a 51 63 53
a 72 57 69
a 65 97 47
a 125 115 90
a 62 128 24
a 52 26 40
a 100 103 48
a 11 63 4
a 50 88 55
a 79 77 76
a 119 70 22
a 71 63 13
a 92 107 98
a 32 22 21
a 8 125 11
a 22 88 97
a 120 71 18
a 100 78 18
a 26 62 89
a 116 25 13
a 115 34 90
a 111 33 78
a 73 103 8
a 128 95 52
a 1 41 99
a 16 34 78
a 113 116 30
a 43 78 37
a 11 97 79
a 110 118 19
a 100 122 65
a 2 35 78
a 57 21 42
a 95 72 15
a 114 117 1
a 76 6 65
a 39 2 86
a 105 61 50
a 51 99 25
a 38 127 81
a 55 62 65
a 3 105 17
a 57 88 15
a 64 27 75
a 6 73 32
a 107 89 14
a 81 116 20
a 25 1 77
a 45 27 7
a 93 27 16
a 18 14 1
a 112 30 51
a 5 93 32
a 37 2 96
a 62 124 51
a 109 26 94
a 122 43 42
a 110 48 94
a 103 48 81
a 40 99 29
a 33 49 72
a 54 7 31
a 124 99 28
a 59 100 42
a 65 114 33
a 23 62 83
a 21 69 54
a 5 27 56
a 6 72 85
a 116 121 21
a 82 10 62
a 115 69 22
a 61 65 94
a 69 8 42
a 55 22 41
a 51 72 42
a 48 58 64
a 67 12 91
a 14 98 99
a 110 63 92
a 43 29 77
a 122 3 76
a 90 45 67
a 11 22 46
a 87 34 18
a 79 3 88
a 59 98 83
a 72 128 65
a 27 98 35
a 84 49 3
a 1 100 28
a 85 64 76
a 122 106 6
a 4 93 91
a 108 125 77
a 33 8 45
a 7 104 62
a 17 98 21
a 60 77 1
a 112 59 38
a 106 79 35
a 115 32 53
a 59 13 66
a 87 71 94
a 83 35 94
a 99 92 77
a 88 25 86
a 82 114 20
a 25 28 6
a 109 77 92
a 30 46 63
a 11 102 4
a 87 90 15
a 115 31 23
a 107 20 71
a 71 116 30
a 86 48 91
a 70 117 6
a 62 79 57
a 117 37 44
a 119 59 38
a 45 85 12
a 62 14 89
a 58 121 42
a 103 25 9
a 49 21 51
a 120 127 22
a 88 89 64
a 64 102 97
a 48 106 43
a 58 126 92
a 88 22 92
a 17 55 47
a 59 53 84
a 74 19 5
a 72 101 36
a 65 95 33
a 70 50 73
a 80 69 9
a 87 94 5
a 61 71 72
a 87 36 89
a 42 112 11
a 94 24 73
a 16 6 38
a 19 16 38
a 72 110 64
a 35 5 61
a 1 106 92
a 72 61 30
a 3 41 26
a 27 69 89
a 120 87 68
a 46 22 93
a 16 56 80
a 96 105 71
a 21 97 71
a 125 116 34
a 110 127 35
a 4 59 58
a 103 21 21
a 98 10 41
a 34 23 73
a 123 30 27
a 106 44 4
a 94 8 92
a 124 121 35
a 87 114 83
a 116 42 68
a 50 34 42
a 20 116 19
a 108 34 7
a 66 32 18
a 58 41 79
a 87 53 19
a 11 80 55
a 103 80 50
a 72 36 4
a 44 17 45
a 114 106 92
