c FILE			: 2_8.txt
c No. of vertices	: 256
c No. of directed edges	: 4096
c Max. weight		: 100
c Min. weight		: 0
c A directed arc from u to v of weight w
c is represented below as ' a  u  v  w '
p sp 256 4096
a 152 237 66
a 248 47 55
a 195 32 87
a 186 155 8
a 216 111 78
a 6 230 12
a 29 199 65
a 212 58 4
a 230 106 21
a 205 29 22
a 157 112 27
a 198 99 49
a 95 166 2
a 231 159 98
a 118 78 58
a 94 243 27
a 120 231 57
a 160 197 21
a 101 147 38
a 19 46 93
a 109 124 61
a 184 255 99
a 74 44 99
a 147 103 20
a 61 254 58
a 51 126 82
a 118 197 60
a 104 208 58
a 226 99 65
a 214 117 84
a 110 85 61
a 85 206 17
a 8 43 65
a 226 112 87
a 187 65 21
a 12 205 33
a 15 68 44
a 123 173 95
a 120 227 94
a 141 87 68
a 142 99 69
a 96 101 73
a 53 181 64
a 172 11 89
a 216 40 86
a 169 214 59
a 228 95 82
a 12 125 15
a 196 71 15
a 65 74 25
a 109 10 45
a 212 27 24
a 145 11 44
a 4 220 41
a 218 111 79
a 241 29 46
a 251 254 70
a 135 22 68
a 146 251 73
a 92 153 11
a 109 63 3
a 113 255 34
a 116 130 96
a 253 84 21
a 161 25 29
a 211 140 19
a 77 92 99
a 211 61 38
a 215 222 73
a 170 111 91
a 60 211 87
a 230 10 9
a 143 55 35
a 240 84 25
a 180 192 11
a 223 130 22
a 58 90 93
a 227 28 91
a 221 144 4
a 49 126 43
a 219 47 47
a 158 154 43
a 6 178 64
a 213 27 46
a 87 81 63
a 134 212 49
a 145 249 12
a 179 189 47
a 154 91 12
a 224 21 68
a 42 115 26
a 73 178 49
a 133 165 27
a 239 148 99
a 197 118 93
a 164 1 84
a 113 41 47
a 176 174 63
a 202 42 78
a 35 20 59
a 109 12 16
a 88 220 64
a 249 235 89
a 160 67 51
a 46 112 63
a 136 10 21
a 100 129 83
a 242 65 30
a 47 165 96
a 54 204 7
a 59 155 83
a 7 180 52
a 122 35 67
a 69 66 37
a 128 150 49
a 234 186 39
a 87 107 63
a 58 76 41
a 93 21 92
a 54 102 13
a 120 96 6
a 138 123 91
a 207 40 73
a 26 34 76
a 37 218 78
a 209 22 58
a 178 247 59
a 11 220 66
a 109 103 15
a 239 154 3
a 98 213 79
a 139 90 12
a 225 138 18
a 36 250 10
a 63 191 42
a 139 45 72
a 252 237 24
a 9 190 92
a 76 31 68
a 115 137 23
a 93 84 89
a 1 209 21
a 219 96 92
a 93 192 30
a 26 34 22
a 118 216 38
a 82 43 89
a 54 113 43
a 215 39 67
a 254 127 2
a 46 158 29
a 216 56 76
a 200 189 19
a 229 72 56
a 203 233 91
a 66 250 1
a 20 244 77
a 63 136 27
a 186 220 29
a 22 251 63
a 216 151 96
a 234 156 64
a 113 15 80
a 23 97 54
a 4 60 84
a 171 29 82
a 97 12 0
a 176 94 72
a 135 11 97
a 93 61 79
a 64 228 52
a 72 207 43
a 141 224 40
a 155 246 50
a 44 112 42
a 88 56 70
a 174 171 23
a 50 205 78
a 81 158 98
a 105 34 38
a 208 143 31
a 91 121 89
a 95 118 16
a 156 14 37
a 201 20 50
a 125 214 84
a 87 101 55
a 182 210 22
a 75 81 48
a 226 100 97
a 73 146 94
a 219 197 18
a 124 114 27
a 240 41 88
a 113 161 11
a 84 141 52
a 112 250 29
a 206 216 30
a 45 31 61
a 68 161 75
a 98 157 36
a 195 25 42
a 102 63 44
a 14 151 92
a 152 209 52
a 244 141 60
a 195 80 0
a 227 241 96
a 129 21 12
a 27 130 22
a 162 58 71
a 187 189 87
a 31 132 28
a 172 71 90
a 158 121 16
a 211 181 0
a 109 191 21
a 168 80 50
a 190 113 34
a 71 216 55
a 20 205 49
a 229 191 7
a 220 238 14
a 17 27 42
a 213 131 81
a 213 68 16
a 59 45 21
a 47 158 5
a 138 173 11
a 229 63 89
a 88 237 34
a 242 70 6
a 221 66 9
a 171 44 74
a 87 153 63
a 74 2 67
a 149 192 97
a 103 210 48
a 146 101 83
a 124 45 66
a 232 36 72
a 119 71 76
a 160 57 99
a 123 103 4
a 29 188 42
a 85 251 45
a 29 78 95
a 30 29 35
a 131 135 13
a 222 54 22
a 208 54 94
a 230 43 26
a 213 197 42
a 176 194 25
a 69 153 11
a 173 71 63
a 156 63 34
a 181 48 1
a 245 140 30
a 187 145 84
a 192 167 93
a 130 236 47
a 194 233 9
a 99 222 82
a 81 43 48
a 112 230 94
a 72 212 1
a 93 217 41
a 24 178 0
a 15 170 31
a 45 230 93
a 59 160 65
a 241 93 10
a 80 59 54
a 2 165 35
a 149 140 81
a 172 77 7
a 12 163 12
a 224 190 91
a 145 212 60
a 132 167 92
a 172 15 13
a 212 173 72
a 22 246 83
a 135 89 72
a 164 80 19
a 82 63 49
a 87 221 83
a 127 250 3
a 236 239 88
a 154 187 79
a 233 174 10
a 82 185 83
a 146 2 37
a 20 130 61
a 130 253 30
a 36 170 40
a 144 225 85
a 208 151 28
a 3 208 43
a 71 2 94
a 181 79 18
a 9 199 72
a 226 147 99
a 33 242 98
a 249 87 82
a 126 103 17
a 197 69 17
a 16 248 60
a 220 47 95
a 207 78 9
a 115 235 67
a 80 123 22
a 208 227 29
a 131 20 19
a 114 155 2
a 157 135 91
a 239 134 15
a 11 205 69
a 40 67 49
a 248 199 74
a 80 120 46
a 120 221 61
a 7 135 99
a 94 75 61
a 160 141 64
a 184 244 23
a 181 170 11
a 236 239 18
a 181 56 99
a 217 149 19
a 18 218 93
a 2 103 1
a 239 208 63
a 213 212 76
a 20 109 84
a 43 73 54
a 61 232 12
a 45 23 21
a 40 241 42
a 186 114 91
a 211 61 39
a 131 249 19
a 240 26 86
a 231 165 56
a 147 152 54
a 183 155 68
a 23 110 77
a 205 148 27
a 45 130 81
a 202 74 62
a 167 21 79
a 62 141 53
a 202 82 61
a 101 162 33
a 206 102 76
a 164 155 13
a 150 101 4
a 166 232 85
a 254 110 31
a 13 98 51
a 150 143 73
a 200 30 19
a 185 250 58
a 246 35 31
a 107 129 23
a 169 136 5
a 210 42 51
a 154 229 88
a 224 199 98
a 41 137 57
a 195 155 96
a 190 135 49
a 251 110 68
a 166 45 44
a 74 64 41
a 141 34 18
a 238 160 45
a 56 146 12
a 168 188 18
a 240 79 0
a 10 225 0
a 157 238 56
a 222 228 74
a 147 98 46
a 229 226 73
a 202 152 72
a 1 98 55
a 71 204 15
a 97 86 41
a 99 45 68
a 223 159 57
a 112 66 52
a 227 161 19
a 173 124 91
a 211 103 47
a 130 235 35
a 33 35 73
a 39 77 84
a 177 24 19
a 182 101 34
a 212 156 52
a 51 172 18
a 113 159 38
a 99 28 27
a 61 86 56
a 239 51 42
a 83 229 79
a 249 89 42
a 105 16 97
a 50 235 78
a 124 203 90
a 120 61 33
a 256 208 18
a 117 208 0
a 210 209 59
a 179 210 61
a 198 249 50
a 231 209 52
a 43 200 43
a 216 84 59
a 40 165 3
a 26 196 58
a 28 77 6
a 138 166 18
a 11 255 92
a 218 83 67
a 12 139 58
a 123 169 7
a 133 149 75
a 148 123 18
a 27 19 81
a 102 21 83
a 163 24 63
a 129 93 54
a 110 254 67
a 217 149 68
a 229 226 9
a 18 247 60
a 65 6 63
a 234 117 82
a 188 226 92
a 199 165 62
a 193 32 79
a 23 253 13
a 65 161 16
a 6 215 3
a 45 227 36
a 48 159 87
a 219 145 96
a 205 59 66
a 41 102 24
a 82 47 19
a 76 157 55
a 184 176 30
a 141 152 60
a 85 173 54
a 217 90 88
a 20 72 70
a 67 108 46
a 82 143 24
a 68 210 95
a 22 252 20
a 106 19 18
a 126 145 63
a 168 241 9
a 248 199 28
a 84 136 90
a 171 125 80
a 31 50 10
a 62 119 50
a 217 194 50
a 61 38 54
a 52 18 4
a 233 7 77
a 225 170 97
a 119 172 74
a 6 47 14
a 176 117 2
a 99 65 94
a 32 135 75
a 224 8 24
a 89 35 49
a 210 100 9
a 71 42 70
a 86 125 52
a 173 185 40
a 241 24 31
a 188 178 76
a 44 148 3
a 97 126 31
a 255 100 92
a 129 61 77
a 24 148 38
a 31 187 50
a 217 152 15
a 72 134 41
a 10 94 95
a 249 247 44
a 4 53 96
a 191 68 88
a 193 223 58
a 172 229 0
a 233 215 71
a 42 172 39
a 248 170 34
a 112 126 59
a 62 180 82
a 200 72 32
a 226 69 50
a 84 175 83
a 205 192 17
a 14 146 75
a 147 240 91
a 82 188 57
a 55 137 38
a 179 18 30
a 192 131 13
a 53 214 56
a 83 32 67
a 36 184 1
a 153 171 21
a 78 104 61
a 68 189 34
a 166 159 62
a 208 19 78
a 229 225 90
a 202 183 52
a 99 220 20
a 118 213 61
a 158 101 40
a 36 118 84
a 186 23 79
a 208 9 89
a 38 221 60
a 146 240 17
a 187 181 57
a 144 101 91
a 50 247 98
a 132 14 86
a 55 57 68
a 217 219 58
a 53 184 30
a 221 38 2
a 246 221 20
a 130 251 86
a 107 238 84
a 55 220 19
a 120 70 0
a 56 118 3
a 132 255 41
a 106 80 54
a 94 111 50
a 225 182 46
a 162 3 34
a 108 166 99
a 180 254 34
a 232 118 38
a 113 241 26
a 229 239 66
a 56 171 72
a 86 187 1
a 8 18 83
a 204 154 47
a 42 117 77
a 225 199 59
a 189 89 98
a 157 84 40
a 78 182 59
a 31 131 43
a 40 189 77
a 1 105 30
a 242 195 68
a 167 248 50
a 79 98 47
a 163 165 89
a 67 88 12
a 254 119 43
a 193 100 35
a 58 165 24
a 206 88 13
a 129 37 34
a 4 152 53
a 30 2 98
a 134 199 89
a 232 40 42
a 3 224 48
a 85 235 11
a 142 70 36
a 51 235 6
a 92 131 21
a 37 175 65
a 115 70 3
a 2 254 96
a 68 29 74
a 20 67 69
a 100 54 40
a 208 225 68
a 94 83 80
a 63 49 67
a 43 126 39
a 62 80 77
a 240 26 39
a 253 251 26
a 54 64 70
a 6 176 30
a 63 137 89
a 120 179 89
a 144 128 21
a 198 225 37
a 247 197 82
a 218 197 44
a 56 66 51
a 178 153 18
a 57 63 84
a 185 237 13
a 71 59 47
a 222 8 50
a 253 18 58
a 28 73 77
a 255 189 0
a 87 53 40
a 181 224 30
a 212 101 77
a 100 196 95
a 156 193 28
a 86 145 91
a 170 87 37
a 198 69 1
a 136 80 96
a 155 188 34
a 155 106 77
a 134 84 23
a 102 37 23
a 30 119 99
a 158 153 26
a 6 86 10
a 93 103 80
a 145 214 34
a 218 14 99
a 253 213 43
a 66 166 22
a 57 179 8
a 251 124 97
a 10 251 94
a 140 75 75
a 181 7 19
a 235 75 73
a 111 24 11
a 130 172 83
a 5 207 63
a 238 226 82
a 55 89 69
a 206 60 21
a 7 200 27
a 196 240 95
a 21 64 43
a 165 1 14
a 63 18 96
a 116 236 43
a 182 217 35
a 245 82 4
a 166 201 71
a 175 214 35
a 231 234 60
a 232 108 59
a 39 207 6
a 11 143 13
a 83 210 5
a 25 84 7
a 31 116 34
a 103 110 94
a 69 119 31
a 11 251 11
a 159 204 91
a 29 24 66
a 223 120 84
a 218 147 82
a 155 42 20
a 221 179 39
a 94 165 11
a 88 49 60
a 119 212 26
a 129 165 22
a 234 230 56
a 90 76 32
a 67 6 47
a 153 61 69
a 86 220 38
a 69 112 63
a 95 140 98
a 28 43 71
a 205 226 6
a 65 197 96
a 12 219 21
a 135 84 66
a 157 179 96
a 22 152 31
a 255 188 98
a 154 70 45
a 66 112 90
a 49 255 45
a 103 222 22
a 203 27 82
a 230 105 49
a 15 63 2
a 251 73 76
a 232 36 69
a 208 149 55
a 81 68 15
a 40 234 28
a 137 73 89
a 100 228 72
a 241 164 70
a 30 195 67
a 172 228 63
a 155 236 23
a 198 242 17
a 54 245 32
a 168 4 58
a 91 10 68
a 153 223 52
a 125 116 8
a 60 121 43
a 12 142 75
a 251 253 99
a 116 176 91
a 63 127 63
a 69 113 72
a 67 35 91
a 249 150 93
a 65 56 35
a 130 215 99
a 82 167 30
a 210 154 21
a 17 176 21
a 1 247 20
a 11 2 49
a 10 222 41
a 24 63 56
a 124 175 26
a 245 144 61
a 252 174 22
a 53 102 38
a 6 15 58
a 230 110 18
a 101 189 51
a 46 74 79
a 137 73 43
a 8 58 48
a 232 32 73
a 41 160 7
a 95 222 36
a 102 184 54
a 241 44 32
a 220 192 59
a 8 48 57
a 155 122 65
a 67 163 90
a 192 78 32
a 42 199 35
a 168 222 97
a 163 211 13
a 217 216 59
a 149 219 39
a 62 69 5
a 197 191 29
a 178 85 26
a 68 138 62
a 95 7 54
a 99 28 38
a 113 96 78
a 177 247 10
a 132 49 48
a 223 20 44
a 113 119 25
a 187 6 17
a 78 178 10
a 4 171 55
a 176 96 35
a 42 8 37
a 171 197 27
a 104 75 29
a 86 32 23
a 129 10 42
a 233 147 81
a 24 42 6
a 25 205 97
a 161 69 14
a 43 170 64
a 160 44 63
a 139 170 33
a 133 233 52
a 2 73 1
a 124 195 33
a 119 33 17
a 181 109 80
a 69 177 9
a 196 117 57
a 33 76 3
a 7 238 43
a 188 232 73
a 133 89 75
a 211 91 53
a 61 152 23
a 2 206 11
a 238 136 14
a 168 47 24
a 156 175 56
a 197 219 44
a 193 64 93
a 215 176 54
a 119 226 36
a 215 44 6
a 66 75 49
a 170 124 12
a 80 40 55
a 237 176 9
a 170 114 1
a 159 84 14
a 81 27 85
a 183 209 35
a 60 142 22
a 79 26 67
a 42 84 70
a 101 159 20
a 5 75 16
a 234 29 15
a 24 173 32
a 200 141 84
a 153 136 47
a 108 95 70
a 60 159 41
a 203 174 49
a 143 111 22
a 79 254 96
a 196 174 39
a 126 22 46
a 82 224 6
a 174 215 26
a 134 117 36
a 167 249 58
a 82 87 61
a 191 206 16
a 223 63 6
a 146 168 61
a 156 223 50
a 114 250 22
a 10 73 70
a 226 121 1
a 178 210 23
a 95 102 69
a 202 82 72
a 133 249 0
a 90 181 30
a 225 221 92
a 63 106 44
a 95 182 49
a 189 177 92
a 174 86 18
a 155 113 61
a 36 73 70
a 81 56 21
a 62 92 24
a 184 254 26
a 59 61 37
a 248 79 52
a 134 135 98
a 44 217 82
a 156 157 77
a 90 103 83
a 26 190 52
a 255 177 7
a 62 143 80
a 2 153 55
a 102 207 58
a 150 110 44
a 17 153 87
a 256 64 94
a 26 39 93
a 141 10 53
a 181 220 13
a 129 168 8
a 237 101 93
a 39 170 30
a 104 228 72
a 230 28 56
a 166 208 46
a 149 166 74
a 134 256 48
a 82 241 23
a 23 101 62
a 69 98 32
a 230 180 45
a 228 248 45
a 2 46 30
a 131 2 77
a 1 148 68
a 22 5 10
a 53 214 53
a 215 178 81
a 226 129 54
a 52 5 69
a 213 179 57
a 123 169 29
a 236 200 79
a 251 38 73
a 5 92 51
a 226 195 70
a 194 247 20
a 14 137 13
a 231 251 12
a 189 222 64
a 89 59 47
a 38 118 80
a 187 10 55
a 92 249 82
a 67 1 17
a 54 50 24
a 16 21 51
a 191 202 57
a 194 218 56
a 83 169 17
a 170 186 37
a 102 226 48
a 166 36 5
a 1 113 84
a 69 28 8
a 58 131 19
a 144 169 83
a 139 40 66
a 207 173 6
a 101 71 11
a 156 45 32
a 101 31 45
a 111 118 19
a 93 221 86
a 30 7 76
a 123 118 7
a 35 49 94
a 53 70 67
a 179 13 54
a 232 110 13
a 9 211 61
a 7 53 48
a 213 175 42
a 106 201 86
a 28 12 37
a 245 6 48
a 177 163 15
a 40 57 2
a 97 64 64
a 18 162 60
a 77 200 94
a 234 175 46
a 179 126 41
a 188 212 57
a 191 123 33
a 192 25 35
a 27 143 26
a 254 116 56
a 103 173 87
a 112 252 15
a 236 119 24
a 11 235 12
a 82 117 27
a 128 186 89
a 184 214 84
a 19 91 76
a 24 248 15
a 58 248 6
a 187 121 90
a 186 251 40
a 249 199 23
a 122 180 41
a 171 149 60
a 146 140 89
a 52 44 79
a 55 14 65
a 62 256 20
a 140 28 33
a 229 177 37
a 256 235 75
a 118 34 68
a 74 32 13
a 97 213 56
a 179 178 24
a 55 184 19
a 72 69 43
a 210 75 25
a 28 113 82
a 251 44 48
a 179 229 76
a 63 242 19
a 167 151 14
a 20 232 46
a 20 163 68
a 174 113 74
a 131 164 44
a 100 240 60
a 213 7 59
a 114 69 96
a 46 92 99
a 167 10 92
a 116 35 57
a 75 253 18
a 173 167 81
a 185 86 1
a 147 234 9
a 171 153 2
a 252 131 69
a 113 79 77
a 242 201 19
a 3 239 13
a 61 130 83
a 177 92 47
a 119 229 56
a 11 229 86
a 26 28 12
a 126 159 19
a 222 168 36
a 253 48 13
a 122 186 12
a 107 84 28
a 101 151 35
a 70 85 11
a 119 81 19
a 191 58 50
a 62 240 91
a 61 191 28
a 153 247 74
a 80 118 68
a 58 5 4
a 69 225 76
a 106 134 45
a 60 91 73
a 40 191 71
a 249 178 60
a 233 114 65
a 152 176 34
a 65 76 16
a 213 43 14
a 131 78 48
a 94 164 31
a 12 33 56
a 38 195 2
a 35 97 43
a 21 109 85
a 241 127 45
a 53 90 9
a 14 177 15
a 148 126 84
a 158 38 7
a 96 51 57
a 4 17 3
a 84 110 36
a 85 181 55
a 172 135 53
a 77 189 83
a 175 123 15
a 3 98 10
a 63 215 16
a 228 171 63
a 127 99 34
a 69 107 33
a 110 203 73
a 232 48 12
a 137 239 0
a 250 131 23
a 146 140 15
a 92 174 82
a 95 129 93
a 7 236 90
a 172 241 64
a 59 77 28
a 26 185 87
a 232 167 34
a 254 109 91
a 206 7 84
a 111 65 89
a 110 182 5
a 59 95 95
a 52 218 48
a 122 39 66
a 62 102 44
a 106 14 43
a 127 131 94
a 210 224 72
a 82 180 53
a 112 71 75
a 192 139 10
a 137 102 52
a 43 52 85
a 135 85 22
a 43 35 39
a 150 180 70
a 41 165 6
a 90 91 64
a 245 6 9
a 29 250 20
a 66 127 76
a 170 166 23
a 70 63 86
a 134 15 56
a 210 180 74
a 106 136 92
a 52 118 11
a 128 176 76
a 58 183 40
a 17 25 43
a 164 37 97
a 24 50 92
a 197 227 51
a 239 28 83
a 68 117 82
a 43 159 53
a 44 227 69
a 125 239 21
a 210 63 26
a 12 6 6
a 251 50 79
a 46 50 37
a 128 67 39
a 8 194 45
a 214 50 52
a 94 131 70
a 43 227 71
a 33 175 52
a 64 145 59
a 250 201 36
a 237 75 25
a 215 183 85
a 137 86 97
a 26 256 96
a 182 139 20
a 31 122 29
a 190 179 36
a 37 141 19
a 109 53 93
a 100 248 84
a 157 6 52
a 90 63 97
a 151 14 86
a 147 33 24
a 173 160 14
a 187 62 8
a 74 191 88
a 250 171 34
a 207 146 86
a 182 10 11
a 30 148 29
a 48 104 49
a 48 165 5
a 77 164 95
a 63 42 1
a 3 46 20
a 56 242 44
a 141 116 92
a 102 46 14
a 45 78 58
a 92 213 76
a 244 152 80
a 10 50 85
a 233 123 13
a 183 5 48
a 2 218 70
a 199 106 73
a 67 256 31
a 207 24 85
a 25 204 56
a 156 233 23
a 146 230 92
a 151 163 17
a 156 198 78
a 7 238 60
a 26 200 10
a 170 109 6
a 224 198 90
a 251 92 23
a 42 187 32
a 90 150 88
a 235 118 19
a 143 131 59
a 65 123 22
a 77 154 5
a 135 156 51
a 4 54 52
a 14 129 66
a 229 236 7
a 104 81 11
a 190 43 31
a 215 73 87
a 148 224 91
a 79 2 31
a 133 51 90
a 19 74 57
a 253 22 76
a 78 245 27
a 97 254 84
a 165 100 95
a 113 15 56
a 39 26 22
a 115 38 33
a 177 101 84
a 6 44 1
a 248 66 44
a 104 141 87
a 131 69 30
a 244 91 37
a 23 106 8
a 243 129 64
a 178 210 88
a 255 125 14
a 153 23 7
a 201 83 83
a 142 166 59
a 161 180 38
a 91 191 78
a 26 116 29
a 126 62 68
a 93 77 25
a 124 43 18
a 142 99 98
a 83 134 6
a 8 142 38
a 124 109 56
a 8 255 30
a 16 155 64
a 42 109 36
a 212 222 59
a 134 146 79
a 114 244 96
a 201 15 7
a 168 44 72
a 231 8 95
a 178 241 61
a 15 174 27
a 160 62 55
a 83 232 75
a 91 112 56
a 207 131 85
a 161 28 99
a 114 142 73
a 114 86 80
a 128 77 74
a 10 7 74
a 61 93 41
a 7 114 39
a 243 247 59
a 178 60 4
a 164 75 17
a 30 145 85
a 217 132 76
a 27 8 96
a 250 35 89
a 12 150 93
a 3 36 33
a 234 11 2
a 76 214 83
a 46 221 29
a 67 85 56
a 242 160 70
a 107 71 56
a 14 153 93
a 75 207 19
a 68 109 50
a 168 157 28
a 104 250 16
a 96 195 99
a 217 72 71
a 112 2 46
a 227 222 14
a 183 198 77
a 51 149 93
a 40 71 6
a 245 140 44
a 178 39 58
a 102 224 93
a 14 234 21
a 64 19 90
a 90 221 0
a 140 194 19
a 178 27 51
a 31 36 45
a 195 68 96
a 243 228 16
a 146 248 81
a 251 81 68
a 211 183 66
a 82 68 72
a 169 42 19
a 163 74 33
a 176 131 33
a 169 248 67
a 154 194 33
a 240 16 41
a 67 210 77
a 204 3 48
a 205 107 76
a 181 57 91
a 254 52 58
a 24 16 84
a 29 49 53
a 162 68 37
a 63 246 94
a 23 240 44
a 202 155 78
a 171 67 88
a 138 65 15
a 193 129 48
a 166 33 44
a 169 50 9
a 33 99 33
a 32 109 70
a 97 244 13
a 167 216 44
a 153 130 53
a 224 123 66
a 8 110 56
a 36 50 74
a 98 97 69
a 40 52 35
a 249 193 98
a 202 93 22
a 76 65 4
a 173 134 37
a 94 242 97
a 29 115 67
a 255 186 19
a 129 28 32
a 110 71 85
a 67 165 55
a 89 96 63
a 9 194 94
a 200 129 73
a 250 47 61
a 14 3 58
a 7 96 21
a 193 120 13
a 78 41 17
a 75 242 46
a 153 194 77
a 104 33 77
a 80 108 76
a 67 215 75
a 45 224 27
a 121 109 38
a 216 202 39
a 214 11 62
a 132 64 18
a 84 220 96
a 91 124 71
a 54 201 5
a 189 250 41
a 18 243 65
a 239 182 6
a 40 188 66
a 11 10 27
a 154 238 81
a 251 202 78
a 237 103 12
a 193 126 60
a 51 27 74
a 224 49 65
a 250 118 28
a 143 151 87
a 168 158 29
a 235 98 91
a 146 101 62
a 4 185 29
a 62 16 69
a 223 46 82
a 231 105 34
a 123 125 67
a 70 71 19
a 25 253 41
a 50 95 22
a 209 228 9
a 236 27 60
a 114 94 79
a 190 247 27
a 142 163 54
a 26 239 6
a 80 123 55
a 142 101 77
a 35 132 2
a 133 146 64
a 83 115 87
a 135 172 98
a 22 167 58
a 251 13 17
a 130 120 96
a 67 121 62
a 107 182 10
a 230 205 11
a 32 242 97
a 114 151 65
a 116 96 46
a 38 231 43
a 130 27 60
a 134 189 22
a 122 134 82
a 16 98 45
a 213 172 52
a 234 158 22
a 35 73 83
a 248 246 20
a 242 54 55
a 124 86 76
a 1 118 84
a 164 12 85
a 43 239 33
a 68 193 40
a 134 207 53
a 6 31 9
a 118 55 23
a 50 210 36
a 205 44 75
a 219 236 60
a 244 221 3
a 121 109 74
a 92 223 26
a 52 42 17
a 136 101 14
a 97 95 9
a 70 16 52
a 155 123 95
a 44 156 89
a 88 194 54
a 42 40 24
a 98 222 85
a 35 192 13
a 25 85 82
a 23 207 33
a 140 102 54
a 57 178 43
a 7 233 28
a 101 248 70
a 163 120 16
a 46 218 40
a 231 50 48
a 16 155 27
a 188 190 60
a 66 2 73
a 80 63 20
a 144 172 76
a 91 101 85
a 238 91 49
a 127 179 12
a 236 203 57
a 154 193 22
a 45 66 61
a 178 198 76
a 155 201 15
a 33 188 94
a 255 27 90
a 157 122 36
a 21 190 44
a 92 151 38
a 22 73 52
a 228 220 81
a 250 2 27
a 127 22 1
a 165 180 27
a 172 228 9
a 180 24 11
a 138 190 29
a 171 77 23
a 6 101 81
a 202 252 8
a 81 57 35
a 248 49 45
a 227 195 95
a 150 141 82
a 243 189 67
a 118 179 74
a 176 99 18
a 128 151 13
a 231 148 93
a 250 76 1
a 86 175 26
a 97 223 42
a 162 79 91
a 196 68 8
a 22 240 70
a 47 188 57
a 216 157 38
a 204 160 43
a 152 149 40
a 33 29 9
a 92 139 57
a 196 83 53
a 37 167 73
a 65 94 84
a 39 123 74
a 106 123 15
a 117 47 56
a 173 30 69
a 48 218 84
a 178 20 94
a 252 126 15
a 191 170 95
a 25 93 21
a 75 80 93
a 160 143 66
a 201 179 10
a 205 111 44
a 154 35 32
a 187 159 0
a 193 181 33
a 41 147 80
a 87 189 26
a 106 163 49
a 198 128 95
a 4 172 29
a 215 200 19
a 152 33 94
a 161 19 84
a 46 32 80
a 242 123 23
a 229 81 90
a 129 80 88
a 44 16 69
a 247 177 75
a 136 174 78
a 250 188 47
a 154 24 39
a 234 110 14
a 126 205 79
a 237 209 80
a 41 221 52
a 127 140 49
a 174 240 5
a 149 67 49
a 44 203 31
a 206 181 37
a 193 52 97
a 143 142 24
a 210 53 21
a 73 124 81
a 222 101 29
a 142 84 58
a 122 256 49
a 50 177 66
a 42 199 6
a 158 152 57
a 121 59 19
a 130 72 58
a 253 55 31
a 11 154 41
a 4 123 6
a 78 167 95
a 75 20 41
a 171 193 82
a 73 252 30
a 99 146 80
a 225 210 15
a 149 90 10
a 95 247 90
a 248 202 61
a 190 105 57
a 175 235 26
a 108 25 29
a 180 198 65
a 17 225 90
a 164 81 52
a 70 225 29
a 117 26 2
a 116 189 71
a 37 254 91
a 52 191 40
a 206 241 93
a 146 247 32
a 208 62 67
a 224 109 39
a 46 61 15
a 163 164 25
a 13 96 47
a 179 134 71
a 190 51 71
a 168 2 64
a 103 3 24
a 187 55 88
a 17 174 68
a 226 134 19
a 247 245 68
a 228 37 74
a 120 33 88
a 35 245 8
a 147 24 60
a 196 69 80
a 24 245 65
a 48 151 35
a 69 177 3
a 202 115 51
a 181 26 96
a 102 163 20
a 4 231 56
a 83 240 35
a 242 162 96
a 234 19 32
a 36 113 16
a 161 125 95
a 116 216 41
a 58 113 43
a 116 183 33
a 115 198 79
a 52 181 78
a 4 125 11
a 165 119 81
a 41 53 21
a 15 61 35
a 124 46 93
a 100 219 93
a 252 95 17
a 85 250 18
a 18 110 64
a 176 40 92
a 116 18 56
a 110 204 75
a 178 87 4
a 210 6 54
a 102 126 11
a 78 165 35
a 64 145 55
a 213 252 63
a 234 207 70
a 221 103 11
a 136 244 13
a 98 181 50
a 40 70 62
a 164 92 82
a 193 22 85
a 34 59 99
a 91 253 87
a 93 23 16
a 251 185 44
a 26 5 73
a 231 50 86
a 37 154 63
a 126 100 90
a 179 104 81
a 238 211 21
a 151 51 94
a 95 251 11
a 97 32 19
a 249 145 72
a 73 232 32
a 77 243 53
a 224 106 89
a 97 50 19
a 214 170 6
a 55 1 93
a 114 209 46
a 118 34 84
a 74 152 14
a 31 45 34
a 180 54 43
a 13 159 84
a 166 195 47
a 55 177 12
a 48 17 7
a 18 156 23
a 169 38 76
a 197 70 32
a 203 40 22
a 97 233 6
a 1 234 2
a 181 236 33
a 204 151 95
a 27 164 57
a 87 146 20
a 34 180 94
a 25 65 65
a 154 13 9
a 198 246 84
a 27 70 78
a 1 25 14
a 254 108 83
a 54 68 25
a 201 109 19
a 118 45 90
a 26 234 35
a 21 106 96
a 8 67 52
a 118 66 5
a 236 191 57
a 39 3 89
a 143 233 63
a 184 155 49
a 28 228 5
a 193 86 8
a 152 96 82
a 202 121 35
a 200 223 47
a 202 211 96
a 146 103 42
a 256 203 52
a 81 170 39
a 148 248 4
a 256 93 48
a 224 100 9
a 213 105 97
a 189 36 56
a 87 178 56
a 199 142 14
a 43 14 92
a 129 77 57
a 225 231 70
a 208 118 6
a 177 79 6
a 113 254 40
a 214 164 56
a 245 242 44
a 175 17 8
a 248 107 90
a 232 190 23
a 38 47 11
a 7 160 87
a 246 172 99
a 194 120 97
a 55 90 78
a 242 64 75
a 250 211 35
a 228 210 30
a 64 114 31
a 227 218 72
a 219 186 74
a 227 85 14
a 41 112 69
a 89 8 12
a 163 147 35
a 100 177 13
a 3 31 19
a 178 24 35
a 188 69 25
a 45 96 6
a 122 62 47
a 42 31 15
a 14 205 86
a 48 46 84
a 99 114 57
a 168 226 42
a 252 145 22
a 49 21 19
a 203 215 89
a 137 205 83
a 246 234 76
a 212 64 72
a 187 194 48
a 149 29 16
a 28 159 74
a 222 74 38
a 208 111 1
a 157 97 59
a 47 145 21
a 183 189 72
a 227 87 72
a 37 199 5
a 85 141 80
a 181 249 89
a 161 116 92
a 8 176 18
a 202 243 67
a 250 172 65
a 183 242 96
a 83 22 43
a 59 238 40
a 92 183 76
a 183 206 69
a 62 237 61
a 206 251 49
a 19 47 51
a 167 109 53
a 71 249 21
a 37 221 75
a 78 234 9
a 11 181 71
a 84 107 83
a 192 105 66
a 197 203 66
a 133 25 22
a 181 174 70
a 53 244 80
a 25 194 17
a 41 152 64
a 97 113 29
a 171 138 61
a 166 140 47
a 55 54 13
a 19 5 90
a 176 15 66
a 230 213 48
a 123 251 11
a 48 128 47
a 92 75 17
a 239 11 81
a 58 109 19
a 16 97 69
a 202 6 31
a 75 63 63
a 248 129 76
a 138 62 29
a 247 109 65
a 160 225 12
a 14 58 47
a 195 206 86
a 11 97 94
a 236 100 32
a 15 162 8
a 48 101 39
a 140 112 3
a 129 148 86
a 123 23 84
a 229 187 59
a 67 183 48
a 82 9 61
a 71 143 75
a 192 53 34
a 248 63 12
a 224 204 7
a 60 59 98
a 216 207 6
a 211 81 18
a 99 147 16
a 133 153 84
a 235 238 38
a 93 3 62
a 13 134 74
a 177 184 13
a 102 15 4
a 158 110 64
a 1 176 78
a 220 93 33
a 96 235 77
a 148 231 2
a 51 10 79
a 246 80 10
a 28 163 59
a 232 62 57
a 65 151 31
a 141 168 9
a 174 95 87
a 232 12 84
a 32 25 76
a 206 250 40
a 7 140 10
a 9 167 77
a 152 31 46
a 67 215 81
a 64 153 87
a 223 110 64
a 122 126 51
a 228 65 87
a 204 45 92
a 70 34 10
a 210 233 66
a 183 32 11
a 96 42 24
a 26 64 75
a 114 72 23
a 182 128 39
a 44 50 57
a 213 250 55
a 43 231 99
a 184 237 33
a 130 84 54
a 243 61 8
a 229 130 53
a 14 37 69
a 211 99 47
a 213 70 90
a 248 32 24
a 81 135 40
a 80 242 48
a 160 152 4
a 58 76 55
a 96 71 76
a 242 135 22
a 179 191 13
a 72 57 98
a 65 97 21
a 253 243 11
a 62 128 97
a 52 26 18
a 100 103 18
a 139 191 89
a 50 88 13
a 207 205 90
a 247 70 78
a 199 63 8
a 220 107 52
a 160 150 99
a 8 253 78
a 22 216 30
a 120 71 37
a 228 206 79
a 26 62 19
a 116 153 65
a 115 162 78
a 111 33 42
a 73 103 15
a 128 95 1
a 1 169 65
a 16 34 86
a 241 244 50
a 171 78 25
a 139 97 81
a 238 118 65
a 228 250 17
a 130 163 15
a 185 149 75
a 223 200 32
a 242 117 14
a 204 134 20
a 167 2 77
a 233 61 7
a 179 227 16
a 38 127 1
a 183 62 51
a 131 105 32
a 185 88 96
a 64 155 51
a 134 73 94
a 235 217 42
a 81 244 94
a 25 129 81
a 45 155 29
a 221 27 72
a 18 142 31
a 112 158 28
a 133 221 42
a 37 2 33
a 62 124 83
a 109 154 54
a 122 43 56
a 238 48 85
a 103 176 21
a 168 227 62
a 161 177 22
a 182 135 94
a 124 227 42
a 187 100 41
a 65 242 42
a 23 62 64
a 149 197 91
a 5 155 99
a 134 200 92
a 116 249 77
a 210 10 76
a 243 69 67
a 61 193 46
a 69 8 18
a 183 22 88
a 179 72 83
a 48 58 65
a 67 140 35
a 142 226 3
a 238 191 28
a 171 157 76
a 122 131 6
a 218 45 91
a 139 22 77
a 215 34 45
a 79 3 62
a 187 226 21
a 200 128 1
a 27 98 38
a 212 49 35
a 129 100 53
a 85 192 66
a 122 234 94
a 4 93 94
a 108 125 77
a 161 136 86
a 135 232 20
a 145 98 6
a 60 205 92
a 112 187 63
a 106 79 4
a 115 160 15
a 187 141 23
a 215 71 71
a 83 35 30
a 99 220 91
a 216 25 6
a 210 114 57
a 153 156 44
a 237 205 38
a 158 174 12
a 11 102 89
a 215 90 42
a 115 159 9
a 235 20 51
a 71 116 22
a 214 176 64
a 70 245 97
a 62 207 43
a 117 37 92
a 247 59 92
a 45 85 47
a 62 14 84
a 186 121 5
a 231 25 36
a 49 21 33
a 248 127 73
a 88 89 9
a 64 102 5
a 176 234 72
a 58 126 89
a 216 22 11
a 145 183 73
a 59 53 38
a 74 19 38
a 72 229 64
a 65 223 61
a 198 50 92
a 80 197 30
a 215 94 26
a 61 71 89
a 215 36 68
a 42 240 93
a 222 152 80
a 16 134 71
a 19 16 71
a 200 238 34
a 35 5 35
a 1 106 58
a 72 61 21
a 131 169 41
a 27 69 73
a 248 215 27
a 46 150 4
a 16 184 92
a 224 105 35
a 149 225 83
a 253 116 68
a 238 255 42
a 132 187 19
a 103 149 7
a 226 10 18
a 162 23 79
a 251 30 19
a 234 172 55
a 94 136 50
a 252 249 4
a 215 242 45
a 244 42 92
a 178 162 21
a 148 244 29
a 236 34 49
a 194 32 67
a 186 41 71
a 87 53 39
a 11 208 99
a 103 208 8
a 72 164 17
a 44 17 41
a 114 106 99
a 51 206 23
a 44 143 37
a 85 178 32
a 31 213 25
a 126 154 48
a 32 44 6
a 245 44 89
a 95 174 82
a 123 174 48
a 157 133 61
a 4 19 10
a 168 43 86
a 211 216 17
a 194 93 30
a 157 94 82
a 221 18 64
a 154 99 47
a 211 252 16
a 8 223 78
a 42 136 26
a 151 230 53
a 80 95 92
a 180 34 45
a 226 88 84
a 134 102 33
a 241 71 59
a 65 22 56
a 103 105 48
a 133 188 25
a 183 40 36
a 36 117 16
a 57 131 64
a 121 60 87
a 217 233 40
a 245 128 83
a 216 193 86
a 246 40 11
a 53 66 71
a 115 208 16
a 200 7 18
a 23 186 50
a 88 68 38
a 240 226 89
a 209 233 42
a 240 254 34
a 190 222 88
a 59 56 42
a 40 17 32
a 250 109 39
a 65 210 33
a 31 93 14
a 156 207 73
a 135 242 24
a 51 122 99
a 163 223 57
a 232 165 9
a 99 59 12
a 123 153 9
a 59 166 97
a 25 75 56
a 189 161 70
a 190 90 73
a 242 179 13
a 185 251 52
a 102 4 72
a 249 200 34
a 156 127 67
a 51 28 64
a 42 23 72
a 249 144 40
a 189 139 40
a 230 139 30
a 209 12 12
a 62 111 73
a 65 50 2
a 155 79 75
a 111 186 32
a 216 130 94
a 32 174 37
a 26 240 18
a 149 86 68
a 19 10 5
a 184 36 32
a 220 83 75
a 28 83 13
a 28 178 7
a 134 80 82
a 242 148 49
a 237 96 37
a 1 127 28
a 34 95 42
a 225 238 64
a 164 191 18
a 52 3 33
a 195 198 28
a 95 71 12
a 50 180 12
a 59 14 37
a 225 136 20
a 5 80 77
a 98 224 2
a 40 190 52
a 69 163 49
a 251 239 89
a 140 209 40
a 5 100 52
a 196 77 7
a 235 121 58
a 66 228 57
a 162 252 95
a 96 94 32
a 179 159 42
a 117 15 94
a 233 12 68
a 102 51 6
a 1 17 92
a 246 188 37
a 231 67 90
a 174 242 40
a 156 206 93
a 199 225 68
a 150 212 38
a 92 191 80
a 222 126 46
a 145 138 92
a 168 109 79
a 60 11 52
a 91 88 45
a 166 255 39
a 166 124 99
a 233 25 34
a 195 199 28
a 20 93 63
a 196 56 15
a 76 134 84
a 138 185 44
a 62 212 61
a 141 51 42
a 55 234 73
a 13 17 64
a 194 175 52
a 76 208 73
a 167 117 86
a 153 190 36
a 21 34 2
a 149 206 18
a 15 142 83
a 9 192 31
a 178 12 64
a 125 82 39
a 102 169 4
a 107 240 25
a 103 15 5
a 108 220 88
a 223 29 84
a 173 141 38
a 83 148 54
a 141 90 73
a 198 223 79
a 197 63 60
a 218 18 65
a 246 33 40
a 100 90 68
a 213 147 16
a 157 189 25
a 171 241 0
a 93 145 34
a 136 31 45
a 13 120 39
a 174 225 7
a 33 23 96
a 142 35 4
a 139 194 91
a 231 113 10
a 52 116 66
a 52 50 87
a 214 115 32
a 34 82 48
a 66 231 12
a 106 41 96
a 12 83 93
a 47 148 30
a 235 41 29
a 66 68 84
a 216 147 1
a 155 117 60
a 213 173 39
a 117 132 5
a 153 112 6
a 97 41 65
a 50 217 46
a 79 251 13
a 89 255 42
a 179 185 78
a 21 141 44
a 42 84 64
a 214 72 86
a 160 237 64
a 232 49 67
a 237 71 77
a 78 50 61
a 107 160 1
a 162 81 70
a 246 165 89
a 140 1 65
a 161 41 28
a 239 27 18
a 76 91 13
a 97 38 4
a 210 141 48
a 208 166 89
a 88 240 87
a 36 56 99
a 12 83 68
a 216 28 14
a 144 183 72
a 177 50 47
a 38 29 40
a 131 77 86
a 1 167 93
a 106 142 2
a 184 240 25
a 57 166 34
a 72 241 31
a 255 91 99
a 11 194 74
a 195 139 57
a 5 55 64
a 26 153 96
a 11 153 68
a 15 129 15
a 194 61 30
a 135 101 49
a 215 86 65
a 214 98 40
a 13 134 85
a 86 63 1
a 241 1 85
a 139 192 5
a 149 213 40
a 222 208 9
a 49 156 68
a 46 231 92
a 144 79 93
a 44 239 64
a 164 228 71
a 57 49 9
a 37 237 87
a 215 255 47
a 26 219 59
a 91 199 23
a 185 11 42
a 117 81 80
a 149 125 85
a 60 59 23
a 186 72 98
a 235 73 75
a 173 3 41
a 98 108 42
a 137 153 48
a 213 141 66
a 175 124 47
a 226 249 28
a 216 205 42
a 52 3 98
a 106 204 49
a 236 55 57
a 198 256 57
a 208 240 80
a 108 213 85
a 29 147 7
a 39 50 49
a 55 239 96
a 59 195 39
a 213 231 2
a 221 193 96
a 203 225 75
a 23 154 70
a 72 137 49
a 64 126 42
a 250 125 87
a 84 3 11
a 100 184 19
a 8 251 30
a 127 30 22
a 184 99 48
a 175 7 6
a 62 93 37
a 160 239 26
a 21 45 99
a 203 113 58
a 221 206 12
a 106 22 83
a 149 106 19
a 240 118 52
a 186 35 28
a 203 24 98
a 180 23 84
a 205 123 48
a 82 132 6
a 31 91 64
a 164 222 16
a 181 158 87
a 240 142 29
a 40 121 89
a 100 183 36
a 102 239 77
a 137 6 77
a 1 185 25
a 159 233 29
a 143 230 94
a 32 47 77
a 250 118 51
a 84 107 51
a 202 233 64
a 140 243 37
a 154 213 53
a 41 164 11
a 237 53 18
a 170 100 41
a 255 239 50
a 178 180 74
a 50 41 17
a 34 171 62
a 114 179 72
a 216 173 33
a 226 114 22
a 27 205 94
a 78 218 52
a 149 55 17
a 212 254 71
a 2 44 82
a 247 45 19
a 79 220 32
a 137 191 33
a 28 235 74
a 159 73 97
a 233 143 9
a 116 239 68
a 221 241 26
a 89 82 56
a 163 180 62
a 237 163 40
a 95 36 28
a 175 250 3
a 40 96 84
a 32 64 40
a 128 93 37
a 106 154 43
a 97 213 12
a 123 140 63
a 5 55 80
a 236 213 78
a 25 154 33
a 199 217 34
a 113 231 77
a 231 198 57
a 139 46 78
a 201 189 62
a 243 142 35
a 52 105 90
a 186 122 2
a 184 182 15
a 183 30 53
a 256 218 88
a 247 240 10
a 203 166 18
a 241 139 56
a 153 89 83
a 32 204 71
a 156 216 36
a 239 3 51
a 86 199 64
a 101 110 17
a 183 66 22
a 88 175 91
a 104 202 7
a 183 54 87
a 69 121 76
a 139 103 34
a 233 127 13
a 21 164 14
a 231 82 24
a 183 125 40
a 13 151 52
a 237 224 46
a 224 130 52
a 171 26 1
a 73 34 45
a 148 15 38
a 18 105 73
a 107 11 92
a 203 132 90
a 217 41 4
a 12 197 32
a 180 84 23
a 157 127 6
a 153 74 73
a 210 107 19
a 246 69 34
a 81 56 15
a 30 222 67
a 244 44 79
a 86 215 2
a 75 63 19
a 153 189 52
a 195 4 30
a 36 73 75
a 64 93 32
a 188 21 3
a 99 241 50
a 108 92 94
a 256 53 1
a 228 168 32
a 96 204 85
a 159 111 40
a 135 181 46
a 2 149 30
a 97 243 0
a 44 22 96
a 136 240 11
a 181 255 94
a 19 54 97
a 2 67 30
a 122 136 1
a 132 123 30
a 187 252 16
a 18 218 74
a 167 169 78
a 250 240 76
a 39 249 97
a 191 92 85
a 31 251 33
a 41 142 24
a 225 252 53
a 195 10 15
a 232 99 28
a 118 38 12
a 82 166 37
a 174 160 90
a 98 147 83
a 38 81 63
a 243 152 83
a 217 214 6
a 105 98 4
a 46 71 68
a 195 68 87
a 243 139 4
a 165 196 70
a 214 180 46
a 113 84 8
a 7 43 64
a 13 236 32
a 167 197 48
a 9 48 34
a 194 114 63
a 3 188 93
a 97 22 24
a 37 113 31
a 60 91 79
a 72 161 95
a 184 244 26
a 132 150 93
a 84 76 18
a 234 147 43
a 77 176 80
a 183 56 73
a 140 27 10
a 67 98 70
a 166 24 68
a 17 65 75
a 48 190 0
a 134 97 10
a 45 57 37
a 139 38 76
a 161 132 85
a 242 114 92
a 229 209 45
a 216 95 35
a 177 240 23
a 115 141 84
a 119 129 89
a 111 209 99
a 153 191 69
a 75 155 79
a 155 93 0
a 132 193 66
a 102 124 55
a 255 229 86
a 237 64 85
a 124 157 70
a 82 113 25
a 157 31 54
a 125 229 42
a 130 169 85
a 7 127 23
a 89 65 92
a 84 219 24
a 213 5 79
a 81 217 91
a 23 29 72
a 18 160 61
a 155 187 25
a 6 149 88
a 119 15 88
a 22 30 72
a 135 71 49
a 169 58 25
a 218 163 20
a 6 146 38
a 153 82 46
a 177 19 92
a 119 232 43
a 167 185 95
a 63 102 62
a 9 57 25
a 74 159 47
a 51 170 98
a 92 76 35
a 195 223 94
a 133 82 14
a 223 33 60
a 11 58 29
a 75 124 18
a 177 155 50
a 124 135 41
a 65 81 28
a 95 143 16
a 21 214 63
a 138 184 7
a 131 173 73
a 220 240 9
a 1 182 46
a 238 211 80
a 108 86 22
a 112 18 88
a 43 231 12
a 75 54 75
a 256 161 70
a 224 235 51
a 196 45 42
a 71 218 28
a 10 33 87
a 79 122 86
a 195 63 23
a 16 251 81
a 48 186 95
a 152 48 54
a 167 176 67
a 53 87 14
a 215 29 89
a 140 204 2
a 225 147 95
a 187 169 90
a 158 139 35
a 51 27 6
a 220 4 90
a 216 37 80
a 132 223 98
a 185 155 11
a 59 98 95
a 81 155 73
a 101 99 66
a 78 107 2
a 216 168 27
a 168 216 9
a 4 205 2
a 83 91 29
a 180 54 12
a 36 237 91
a 186 94 26
a 183 60 41
a 224 122 0
a 132 34 55
a 11 59 81
a 170 206 18
a 126 74 93
a 178 63 42
a 39 174 60
a 169 253 63
a 234 66 60
a 243 203 68
a 73 231 86
a 108 173 8
a 28 163 7
a 39 136 77
a 146 119 29
a 141 19 34
a 231 81 66
a 4 170 82
a 205 107 9
a 9 174 48
a 220 201 69
a 62 108 5
a 48 85 81
a 188 222 72
a 24 43 85
a 171 99 81
a 141 149 8
a 91 212 10
a 86 76 9
a 1 209 80
a 250 54 84
a 95 229 14
a 46 251 20
a 110 101 36
a 159 217 35
a 33 219 87
a 209 137 45
a 139 79 80
a 184 113 43
a 32 101 66
a 123 250 47
a 106 224 29
a 45 240 22
a 252 46 95
a 159 79 15
a 175 238 38
a 196 122 69
a 12 35 43
a 10 167 48
a 228 38 99
a 178 228 46
a 183 67 49
a 172 133 29
a 97 14 9
a 5 101 54
a 28 63 54
a 94 245 30
a 3 183 70
a 211 144 77
a 2 15 31
a 83 50 41
a 161 167 26
a 215 198 89
a 233 139 95
a 238 194 10
a 225 195 92
a 134 128 85
a 175 134 37
a 21 176 93
a 149 35 37
a 135 164 85
a 222 67 26
a 222 126 0
a 222 108 4
a 35 215 67
a 90 134 97
a 53 205 56
a 79 138 65
a 163 129 34
a 139 111 50
a 227 232 80
a 136 203 9
a 27 254 99
a 126 186 18
a 55 219 58
a 48 177 79
a 115 253 72
a 67 121 60
a 85 126 50
a 172 229 4
a 47 215 98
a 80 249 2
a 146 129 70
a 45 183 25
a 171 160 0
a 238 44 96
a 1 222 49
a 61 163 42
a 215 203 69
a 16 231 82
a 107 69 12
a 73 186 90
a 24 52 73
a 248 112 82
a 55 227 76
a 156 188 9
a 211 129 30
a 158 89 15
a 44 59 57
a 183 46 7
a 9 168 74
a 102 9 0
a 145 165 62
a 37 243 43
a 169 45 23
a 128 87 71
a 126 144 34
a 45 88 33
a 35 53 58
a 76 80 6
a 111 119 92
a 194 77 40
a 250 113 96
a 220 95 99
a 201 97 43
a 212 135 69
a 66 2 65
a 19 255 55
a 55 191 89
a 29 71 82
a 216 42 78
a 178 244 78
a 185 14 49
a 60 54 41
a 44 149 47
a 238 202 39
a 131 165 9
a 18 232 50
a 23 36 48
a 252 38 46
a 71 193 61
a 127 98 24
a 226 189 82
a 52 119 16
a 216 1 43
a 200 254 80
a 34 158 87
a 138 93 40
a 71 249 5
a 4 253 70
a 253 91 6
a 102 129 15
a 41 1 63
a 15 210 27
a 205 51 72
a 144 52 7
a 186 231 16
a 118 22 23
a 62 137 4
a 193 118 9
a 110 161 84
a 194 228 13
a 229 64 47
a 29 146 11
a 38 48 2
a 113 251 30
a 25 249 7
a 161 196 64
a 52 108 96
a 165 58 45
a 10 32 31
a 62 26 48
a 49 50 81
a 42 136 56
a 234 185 64
a 176 29 62
a 87 14 96
a 136 170 45
a 9 31 47
a 99 187 18
a 147 17 72
a 49 14 80
a 140 189 29
a 179 151 45
a 208 252 31
a 18 188 24
a 145 14 91
a 74 54 16
a 252 147 0
a 69 131 4
a 192 80 4
a 199 236 64
a 134 3 97
a 65 198 65
a 3 181 29
a 199 56 11
a 85 246 51
a 16 50 79
a 183 126 89
a 35 135 80
a 97 110 71
a 10 55 63
a 164 127 19
a 18 222 24
a 85 242 57
a 97 193 75
a 198 178 68
a 120 19 90
a 148 49 77
a 127 238 65
a 202 197 40
a 241 216 83
a 197 13 67
a 226 180 45
a 143 4 42
a 87 154 14
a 71 114 69
a 207 197 11
a 41 147 78
a 247 244 69
a 79 224 26
a 48 159 82
a 93 31 69
a 140 149 38
a 80 8 39
a 42 126 55
a 148 62 12
a 225 188 28
a 235 57 53
a 93 163 77
a 94 69 44
a 120 128 60
a 40 159 35
a 163 241 86
a 197 103 22
a 235 44 7
a 173 73 18
a 73 244 39
a 199 119 18
a 120 65 21
a 174 31 92
a 252 134 43
a 29 87 79
a 31 141 83
a 102 80 74
a 32 211 73
a 196 248 89
a 81 61 95
a 225 243 40
a 109 228 78
a 84 61 97
a 157 220 52
a 165 80 30
a 51 81 22
a 70 95 43
a 240 237 7
a 174 139 77
a 196 125 52
a 76 220 79
a 138 116 98
a 40 252 65
a 218 180 68
a 68 96 17
a 112 127 38
a 225 152 10
a 148 190 80
a 201 222 64
a 147 177 35
a 227 91 19
a 244 170 47
a 65 240 21
a 115 222 91
a 190 162 54
a 232 245 78
a 93 81 49
a 211 174 90
a 176 219 84
a 164 223 43
a 117 163 43
a 233 229 8
a 65 233 9
a 99 180 29
a 25 179 59
a 27 37 79
a 177 203 96
a 3 236 87
a 17 111 81
a 121 236 26
a 65 82 57
a 154 159 69
a 252 166 70
a 155 83 0
a 223 217 50
a 160 40 98
a 158 197 35
a 256 78 36
a 194 195 14
a 72 250 24
a 22 41 74
a 74 95 26
a 42 197 96
a 255 78 59
a 134 214 80
a 146 37 9
a 4 180 51
a 34 245 11
a 126 34 13
a 252 194 89
a 228 56 0
a 146 138 92
a 89 13 9
a 24 153 41
a 149 184 35
a 47 82 34
a 176 145 30
a 155 252 73
a 18 180 35
a 249 96 71
a 67 192 93
a 128 58 97
a 62 159 74
a 250 86 66
a 84 232 7
a 62 200 84
a 85 64 56
a 98 52 11
a 1 39 38
a 154 216 1
a 165 223 12
a 64 38 49
a 124 76 20
a 103 185 38
a 140 208 93
a 112 230 62
a 188 99 17
a 21 64 65
a 152 7 43
a 78 151 12
a 148 154 18
a 235 213 42
a 159 220 35
a 216 179 62
a 175 100 79
a 104 204 90
a 120 251 60
a 8 122 54
a 70 233 62
a 38 170 38
a 227 128 98
a 243 79 38
a 132 71 42
a 48 96 32
a 235 90 33
a 108 161 67
a 55 91 14
a 131 36 34
a 55 167 95
a 111 251 48
a 45 84 83
a 132 230 75
a 120 80 63
a 225 154 31
a 36 71 23
a 143 178 44
a 59 201 56
a 55 209 36
a 94 130 47
a 23 129 19
a 220 187 56
a 220 183 79
a 24 244 77
a 86 179 86
a 53 221 65
a 88 165 77
a 12 45 48
a 108 247 22
a 181 54 69
a 51 105 96
a 124 228 52
a 206 157 84
a 218 101 68
a 161 56 4
a 161 213 66
a 73 133 58
a 43 249 42
a 188 3 98
a 249 120 35
a 242 170 74
a 10 88 34
a 110 177 79
a 23 203 31
a 87 74 3
a 231 194 51
a 24 152 26
a 6 4 42
a 145 204 66
a 95 59 39
a 190 94 10
a 146 174 6
a 243 111 10
a 158 3 67
a 168 81 53
a 19 27 93
a 112 143 65
a 193 155 55
a 128 164 35
a 81 31 37
a 74 218 46
a 139 230 80
a 4 55 82
a 175 157 48
a 141 49 82
a 223 12 98
a 124 58 42
a 244 122 90
a 247 214 91
a 82 153 8
a 176 6 65
a 123 246 29
a 44 106 77
a 142 222 39
a 175 65 93
a 217 53 38
a 129 19 65
a 189 138 34
a 52 36 68
a 104 1 96
a 145 113 44
a 226 49 57
a 53 209 27
a 151 83 91
a 150 190 19
a 183 247 64
a 18 220 86
a 32 184 96
a 213 134 79
a 196 157 39
a 99 211 34
a 245 219 93
a 81 61 4
a 248 104 75
a 92 249 71
a 35 6 14
a 4 71 26
a 155 204 86
a 223 163 85
a 150 155 35
a 50 103 36
a 94 217 57
a 54 156 2
a 235 64 79
a 15 232 23
a 56 21 11
a 72 87 11
a 18 183 7
a 105 21 18
a 52 234 63
a 182 50 23
a 183 252 41
a 113 171 4
a 255 151 4
a 107 138 66
a 178 97 99
a 12 168 49
a 86 62 6
a 46 23 4
a 256 162 98
a 119 225 73
a 210 186 74
a 76 43 3
a 102 230 14
a 3 217 66
a 242 189 75
a 13 193 8
a 119 16 95
a 24 143 99
a 179 113 7
a 224 246 78
a 167 83 20
a 175 231 24
a 237 256 97
a 203 87 81
a 180 137 0
a 106 92 6
a 169 100 50
a 151 127 65
a 125 132 3
a 140 11 30
a 172 81 92
a 25 198 51
a 78 109 62
a 166 231 1
a 61 241 63
a 252 197 54
a 241 156 96
a 59 60 86
a 199 176 39
a 255 152 56
a 214 38 17
a 90 181 62
a 35 146 79
a 205 27 6
a 154 25 61
a 252 178 57
a 116 43 99
a 132 155 35
a 198 180 87
a 98 226 67
a 153 163 26
a 219 4 94
a 210 157 50
a 233 124 73
a 159 42 28
a 180 10 2
a 91 165 29
a 17 209 96
a 36 249 18
a 251 55 75
a 121 42 16
a 16 65 83
a 121 233 4
a 222 230 58
a 242 204 44
a 137 104 79
a 206 24 19
a 253 247 94
a 1 240 40
a 110 248 35
a 23 135 4
a 190 99 17
a 57 246 16
a 73 4 73
a 162 200 15
a 3 114 45
a 203 95 4
a 3 58 9
a 175 138 13
a 176 211 94
a 160 153 33
a 253 6 67
a 239 136 49
a 206 210 91
a 215 210 47
a 69 48 73
a 79 166 55
a 72 41 65
a 111 18 35
a 184 2 85
a 67 129 86
a 9 119 79
a 238 70 66
a 144 38 30
a 182 144 3
a 210 161 11
a 169 138 89
a 227 121 91
a 215 255 29
a 204 211 45
a 7 164 47
a 36 212 3
a 249 256 67
a 94 31 85
a 222 186 55
a 179 143 30
a 118 58 55
a 29 227 76
a 45 192 30
a 32 197 13
a 169 171 79
a 40 16 82
a 153 18 57
a 164 138 45
a 13 235 1
a 21 183 32
a 111 176 41
a 155 159 86
a 10 112 12
a 188 224 68
a 50 247 38
a 57 148 58
a 61 85 83
a 94 218 48
a 164 153 99
a 184 64 59
a 226 43 3
a 144 77 35
a 251 45 90
a 155 163 60
a 149 140 31
a 191 223 12
a 216 52 84
a 203 190 37
a 148 180 8
a 70 120 91
a 68 214 85
a 249 49 23
a 89 215 74
a 185 79 9
a 193 29 26
a 24 27 16
a 20 92 56
a 135 141 72
a 252 167 29
a 148 62 46
a 113 16 56
a 155 197 24
a 16 224 53
a 170 232 0
a 211 79 8
a 255 50 22
a 114 27 94
a 226 188 73
a 1 13 98
a 22 128 5
a 21 11 39
a 131 112 42
a 195 143 4
a 236 116 42
a 69 253 92
a 52 56 0
a 207 22 13
a 190 22 7
a 170 78 29
a 217 94 95
a 33 225 37
a 120 29 76
a 250 28 54
a 123 47 44
a 173 7 39
a 146 224 61
a 158 208 83
a 209 99 60
a 21 71 62
a 3 51 71
a 110 153 13
a 92 203 60
a 82 170 68
a 47 10 40
a 22 110 65
a 17 175 59
a 29 200 81
a 98 181 13
a 131 176 89
a 42 127 66
a 254 115 93
a 65 120 37
a 197 146 95
a 22 106 82
a 239 83 42
a 147 152 29
a 227 123 15
a 17 239 16
a 222 226 18
a 253 146 4
a 138 160 98
a 144 196 70
a 163 56 18
a 170 70 56
a 200 33 5
a 2 41 13
a 208 54 95
a 226 254 82
a 118 43 62
a 219 153 17
a 63 59 78
a 99 142 86
a 33 191 82
a 246 166 96
a 174 68 45
a 198 101 41
a 185 6 73
a 123 159 34
a 18 248 67
a 170 122 4
a 187 234 15
a 256 190 50
a 244 171 68
a 83 51 4
a 80 220 27
a 69 56 86
a 76 135 48
a 214 97 34
a 234 3 7
a 205 232 12
a 116 127 64
a 54 126 64
a 166 182 32
a 22 85 42
a 1 219 70
a 255 184 91
a 109 11 11
a 71 89 71
a 189 245 96
a 33 176 12
a 11 196 9
a 127 220 61
a 96 254 41
a 73 145 21
a 45 144 86
a 242 57 98
a 90 12 25
a 128 79 0
a 135 46 19
a 69 115 45
a 202 158 26
a 54 227 74
a 87 193 13
a 152 128 8
a 1 164 17
a 184 2 97
a 197 38 41
a 122 217 70
a 225 106 93
a 251 67 21
a 151 231 50
a 115 97 3
a 19 42 11
a 101 178 23
a 65 110 1
a 197 76 73
a 188 253 11
a 70 21 23
a 91 48 34
a 214 96 16
a 235 51 55
a 9 112 66
a 57 210 58
a 210 165 38
a 19 109 96
a 9 197 39
a 142 115 89
a 172 206 77
a 44 84 65
a 18 170 23
a 97 226 32
a 206 124 56
a 141 186 20
a 128 200 65
a 172 231 81
a 245 228 69
a 215 225 67
a 147 167 13
a 135 214 58
a 1 210 22
a 81 234 86
a 3 205 83
a 225 1 56
a 34 216 42
a 210 252 13
a 45 23 80
a 209 139 62
a 24 141 20
a 224 8 1
a 205 199 81
a 90 168 5
a 168 164 4
a 121 220 78
a 17 3 75
a 63 103 10
a 133 94 86
a 7 151 57
a 190 168 96
a 120 134 62
a 56 113 79
a 151 194 68
a 94 18 70
a 221 189 30
a 167 208 0
a 188 97 21
a 36 229 56
a 55 36 16
a 206 196 66
a 128 138 64
a 151 49 34
a 11 114 72
a 107 108 8
a 240 7 48
a 16 82 88
a 147 215 93
a 220 77 7
a 110 28 92
a 177 119 74
a 61 103 19
a 140 108 98
a 129 166 34
a 156 224 85
a 99 28 42
a 15 223 79
a 86 93 58
a 65 173 68
a 157 250 39
a 230 224 44
a 2 10 13
a 30 139 2
a 218 215 52
a 6 155 18
a 217 163 89
a 3 144 68
a 218 254 92
a 118 166 2
a 136 115 88
a 54 82 59
a 243 39 7
a 77 183 20
a 64 11 85
a 185 222 96
a 159 222 17
a 202 147 9
a 120 228 16
a 91 217 60
a 41 218 27
a 66 174 96
a 68 172 87
a 116 154 98
a 18 192 30
a 88 18 26
a 248 101 55
a 179 149 13
a 42 10 20
a 247 134 71
a 12 105 47
a 202 87 46
a 167 159 40
a 11 215 77
a 218 234 77
a 230 159 57
a 55 140 1
a 235 95 83
a 223 200 48
a 237 66 39
a 152 113 87
a 247 159 84
a 121 44 65
a 195 42 16
a 29 5 87
a 32 128 97
a 11 60 42
a 10 244 5
a 10 99 64
a 47 136 48
a 185 179 16
a 44 220 19
a 198 124 28
a 36 43 20
a 66 162 58
a 189 27 63
a 105 221 46
a 13 159 46
a 217 67 72
a 29 209 88
a 216 5 12
a 232 155 9
a 59 187 7
a 142 89 45
a 170 44 51
a 10 240 99
a 221 17 77
a 89 126 63
a 148 242 90
a 146 117 14
a 200 51 23
a 166 223 76
a 174 161 30
a 14 157 13
a 8 102 40
a 155 34 79
a 28 166 59
a 21 179 72
a 246 216 51
a 56 74 99
a 147 190 8
a 229 202 93
a 172 106 93
a 13 149 37
a 174 211 86
a 92 5 67
a 132 5 69
a 147 70 19
a 147 252 10
a 160 150 25
a 246 26 63
a 117 32 53
a 110 196 7
a 40 138 94
a 248 232 8
a 12 95 37
a 74 66 32
a 221 16 38
a 79 186 91
a 56 158 11
a 132 216 77
a 145 38 18
a 230 63 40
a 11 40 3
a 198 84 81
a 41 102 70
a 4 189 46
a 105 170 31
a 251 18 16
a 125 132 6
a 55 122 17
a 111 18 47
a 152 232 77
a 110 46 36
a 184 99 64
a 236 171 67
a 205 76 44
a 131 82 10
a 33 214 82
a 100 35 48
a 191 144 50
a 68 161 47
a 1 4 91
a 99 80 88
a 51 192 84
a 178 202 1
a 186 194 65
a 61 147 12
a 19 114 63
a 81 17 35
a 224 251 16
a 202 44 7
a 130 106 78
a 150 21 54
a 27 102 40
a 130 228 35
a 15 136 31
a 174 154 63
a 12 79 95
a 44 173 44
a 144 81 14
a 174 170 55
a 47 18 50
a 250 26 21
a 34 132 67
a 248 181 10
a 157 137 10
a 99 134 55
a 159 113 9
a 43 149 55
a 80 255 9
a 106 158 99
a 28 102 24
a 220 86 78
a 243 57 6
a 177 243 38
a 147 72 38
a 33 87 75
a 29 100 28
a 170 113 26
a 215 180 81
a 165 219 98
a 172 245 29
a 89 54 5
a 203 153 63
a 73 210 97
a 182 79 61
a 203 193 38
a 199 207 38
a 136 45 62
a 29 76 11
a 113 90 81
a 42 224 6
a 99 42 9
a 180 128 52
a 54 219 35
a 106 187 27
a 45 94 27
a 64 13 65
a 75 50 2
a 75 232 1
a 82 7 97
a 247 112 22
a 63 241 67
a 97 209 57
a 190 211 72
a 255 22 96
a 215 186 72
a 44 199 32
a 150 215 32
a 103 176 60
a 17 75 61
a 50 2 23
a 103 126 0
a 47 130 90
a 51 207 45
a 200 7 39
a 53 70 52
a 90 205 86
a 197 167 45
a 145 246 24
a 63 11 87
a 239 86 85
a 27 120 22
a 218 102 36
a 215 102 62
a 59 82 80
a 158 105 85
a 181 100 29
a 66 97 85
a 241 30 84
a 206 64 39
a 190 230 18
a 75 208 72
a 178 66 79
a 74 127 30
a 34 148 28
a 154 69 48
a 21 117 34
a 15 158 88
a 41 118 75
a 65 150 31
a 174 54 52
a 249 216 54
a 21 195 95
a 123 93 54
a 100 239 82
a 149 71 10
a 167 112 95
a 183 8 30
a 97 206 25
a 89 64 32
a 65 219 75
a 137 115 55
a 50 168 13
a 44 191 30
a 20 69 99
a 220 173 98
a 75 43 25
a 154 89 87
a 144 192 79
a 218 198 80
a 134 161 8
a 93 232 72
a 49 124 38
a 204 174 61
a 232 29 15
a 163 248 69
a 216 83 25
a 159 94 49
a 183 236 34
a 129 8 18
a 82 147 20
a 199 91 95
a 208 109 96
a 243 50 9
a 112 225 73
a 159 224 59
a 218 186 58
a 248 202 78
a 252 105 28
a 218 247 29
a 190 139 10
a 109 20 88
a 80 94 97
a 188 34 63
a 209 68 45
a 96 155 7
a 70 195 34
a 237 71 49
a 170 192 96
a 104 9 91
a 162 2 21
a 176 184 33
a 223 193 86
a 139 178 9
a 156 144 21
a 184 244 68
a 92 255 25
a 33 160 2
a 163 45 98
a 3 35 7
a 130 249 63
a 224 89 95
a 152 246 91
a 187 128 92
a 168 105 88
a 238 21 98
a 75 149 48
a 114 75 57
a 250 103 73
a 215 11 87
a 19 130 64
a 21 88 61
a 31 228 52
a 31 246 96
a 165 126 1
a 17 23 49
a 88 25 86
a 206 151 63
a 67 228 96
a 165 134 85
a 91 178 11
a 204 26 53
a 52 210 35
a 124 17 29
a 141 73 86
a 175 237 65
a 38 160 39
a 174 79 11
a 131 134 65
a 168 255 24
a 129 231 59
a 147 138 50
a 44 23 42
a 251 234 36
a 192 57 68
a 59 98 0
a 256 194 91
a 248 120 97
a 164 29 91
a 72 212 5
a 133 55 92
a 201 76 39
a 33 222 15
a 86 140 24
a 226 5 84
a 161 202 73
a 178 191 35
a 62 159 57
a 5 98 7
a 43 39 8
a 236 209 59
a 11 148 0
a 21 7 29
a 36 103 48
a 73 113 44
a 187 249 99
a 155 172 89
a 173 145 36
a 228 11 9
a 219 152 63
a 212 88 47
a 109 168 28
a 57 132 13
a 18 245 38
a 118 237 28
a 207 240 81
a 163 128 7
a 114 229 11
a 56 152 6
a 75 45 74
a 27 17 84
a 148 127 59
a 225 163 39
a 57 52 3
a 147 81 19
a 20 24 37
a 202 49 75
a 250 64 86
a 231 20 93
a 251 58 93
a 246 195 14
a 133 32 11
a 166 138 81
a 160 131 26
a 203 159 85
a 9 122 6
a 76 141 34
a 25 199 97
a 169 5 84
a 62 171 76
a 75 134 45
a 256 46 52
a 25 109 66
a 39 228 65
a 230 112 1
a 128 158 1
a 77 88 17
a 107 8 51
a 187 236 33
a 135 117 42
a 164 37 17
a 8 175 26
a 142 236 28
a 127 49 90
a 101 31 28
a 41 96 99
a 15 147 62
a 153 231 2
a 45 188 24
a 155 193 91
a 53 180 35
a 70 19 85
a 39 240 8
a 165 124 33
a 24 151 89
a 54 230 61
a 233 24 45
a 70 176 17
a 132 28 39
a 69 204 54
a 251 231 15
a 12 179 16
a 137 72 51
a 248 107 98
a 154 54 30
a 127 33 38
a 24 4 48
a 217 60 68
a 163 185 86
a 225 84 39
a 183 159 22
a 220 193 33
a 233 243 89
a 211 256 87
a 180 137 88
a 200 91 99
a 149 49 4
a 75 19 36
a 253 236 97
a 7 163 48
a 47 83 59
a 212 174 59
a 72 215 45
a 44 181 88
a 155 60 15
a 62 113 96
a 145 223 11
a 236 79 47
a 50 92 72
a 132 108 65
a 199 127 78
a 96 54 82
a 10 83 90
a 217 183 81
a 201 128 99
a 87 117 4
a 62 51 98
a 42 96 53
a 81 217 9
a 192 242 88
a 77 110 86
a 211 151 4
a 215 64 67
a 193 212 10
a 31 112 34
a 62 111 84
a 33 175 27
a 179 176 41
a 236 192 31
a 128 197 24
a 252 222 12
a 54 49 26
a 128 92 66
a 232 235 51
a 17 107 40
a 110 227 20
a 202 250 69
a 83 222 81
a 126 76 83
a 179 108 7
a 134 227 74
a 220 41 26
a 200 119 92
a 221 168 9
a 19 185 68
a 224 140 12
a 165 33 72
a 77 41 57
a 38 77 21
a 10 108 45
a 4 246 63
a 88 65 99
a 221 81 17
a 186 183 46
a 92 133 9
a 18 209 33
a 237 155 65
a 242 152 19
a 158 157 71
a 255 201 19
a 201 120 38
a 70 65 66
a 74 60 34
a 162 53 16
a 226 148 92
a 170 160 15
a 226 228 31
a 169 210 67
a 120 179 93
a 102 77 14
a 88 82 61
a 142 143 96
a 172 142 38
a 70 35 64
a 97 33 91
a 75 222 1
a 29 172 41
a 83 176 35
a 11 177 9
a 220 65 1
a 2 247 1
a 217 221 53
a 74 6 25
a 18 215 22
a 77 120 78
a 234 222 4
a 161 36 29
a 173 192 11
a 78 88 61
a 129 126 22
a 5 108 95
a 112 22 67
a 27 177 48
a 48 51 48
a 215 225 16
a 157 149 23
a 242 237 24
a 74 46 69
a 233 189 69
a 241 74 59
a 187 150 5
a 214 15 33
a 215 40 57
a 100 63 30
a 37 59 59
a 70 40 55
a 29 233 29
a 218 161 48
a 181 67 99
a 179 238 2
a 130 138 78
a 15 23 41
a 188 251 29
a 47 164 92
a 47 69 23
a 191 130 94
a 13 206 91
a 37 123 29
a 111 198 54
a 105 215 60
a 241 203 34
a 249 155 49
a 2 34 72
a 7 17 61
a 89 235 74
a 227 255 22
a 149 247 91
a 174 46 43
a 52 254 99
a 182 164 85
a 185 251 53
a 90 54 42
a 109 182 36
a 58 186 18
a 159 110 20
a 191 163 79
a 135 67 65
a 182 179 79
a 99 28 87
a 12 243 15
a 23 180 44
a 238 115 26
a 151 154 95
a 212 78 32
a 114 234 74
a 96 221 62
a 242 196 85
a 9 127 73
a 78 101 88
a 247 91 12
a 92 73 6
a 118 184 90
a 229 198 29
a 178 224 60
a 167 217 37
a 224 90 13
a 114 6 42
a 93 88 76
a 68 199 20
a 83 91 54
a 235 241 95
a 181 124 43
a 67 74 68
a 180 103 12
a 14 225 77
a 139 158 28
a 61 208 50
a 127 217 64
a 15 12 15
a 222 256 53
a 142 230 68
a 180 254 25
a 185 178 42
a 250 89 87
a 37 169 38
a 113 46 92
a 213 238 19
a 37 54 70
a 168 192 77
a 187 154 15
a 87 118 48
a 196 138 40
a 63 215 46
a 182 105 92
a 206 157 84
a 9 198 38
a 217 119 99
a 150 208 11
a 203 128 77
a 120 230 88
a 123 111 23
a 8 47 49
a 211 103 70
a 107 138 42
a 122 163 80
a 69 156 45
a 81 249 80
a 149 17 55
a 57 200 73
a 245 194 75
a 28 188 45
a 169 210 88
a 154 98 41
a 219 90 63
a 65 179 60
a 86 208 64
a 212 180 41
a 241 199 27
a 145 212 39
a 169 243 55
a 63 128 86
a 134 113 98
a 156 56 4
a 45 38 97
a 175 136 52
a 242 175 43
a 57 219 38
a 25 170 68
a 215 162 78
a 62 153 36
a 182 63 90
a 121 39 21
a 31 47 10
a 168 106 86
a 115 139 4
a 161 32 84
a 18 79 70
a 72 162 1
a 206 91 90
a 146 96 91
a 139 50 27
a 48 131 63
a 29 45 14
a 31 208 29
a 209 43 35
a 26 135 49
a 117 182 88
a 203 241 63
a 216 210 91
a 79 254 55
a 75 252 15
a 132 45 58
a 124 222 14
a 199 70 44
a 108 121 25
a 251 85 44
a 12 251 56
a 84 221 37
a 45 174 51
a 215 170 60
a 148 235 55
a 58 198 9
a 104 187 44
