9 -96
9 6 0 27
9 12 0 54
11 -84
11 2 0 20
11 4 0 84
11 8 0 39
11 10 -40 91
11 12 -54 30
11 13 -75 66
11 14 0 56
13 -141
13 3 0 78
13 4 -84 88
13 7 0 87
13 8 -39 33
13 10 -131 17
13 12 -84 13
13 14 -56 1
13 15 -32 30
13 16 0 78
4 -172
4 2 -20 27
4 7 -87 14
4 10 -148 34
4 12 -97 74
4 15 -62 36
10 -182
10 6 -27 95
10 12 -171 39
10 15 -98 55
12 -210
12 3 -78 66
12 -171
12 3 -144 66
3 -210
3 2 -47 40
3 5 0 43
3 6 -122 77
3 7 -101 1
3 8 -72 56
3 14 -57 78
3 16 -78 13
6 -199
6 5 -43 42
6 7 -102 59
6 14 -135 97
6 15 -153 73
14 -232
14 5 -85 16
15 -226
15 7 -161 51
15 8 -128 44
7 -212
7 8 -172 41
8 -213
8 16 -91 18
8 -172
8 16 -109 18
9 -96
9 6 0 27
9 12 0 54
11 -84
11 2 0 20
11 4 0 84
11 8 0 39
11 10 -40 91
11 12 -54 30
11 13 -75 66
11 14 0 56
13 -141
13 3 0 78
13 4 -84 88
13 8 -39 120
13 10 -131 17
13 12 -84 13
13 14 -56 1
13 15 -32 30
13 16 0 78
4 -172
4 2 -20 27
4 8 -159 14
4 10 -148 34
4 12 -97 74
4 15 -62 36
10 -182
10 6 -27 95
10 12 -171 39
10 15 -98 55
12 -210
12 3 -78 66
8 -173
8 3 -144 57
8 6 -122 59
8 15 -153 95
8 16 -78 18
15 -248
15 6 -181 73
6 -254
6 3 -201 77
6 5 0 42
6 14 -57 97
3 -278
3 2 -47 40
3 5 -42 43
3 14 -154 78
3 16 -96 13
14 -232
14 5 -85 16
3 -201
3 2 -87 40
3 5 -101 43
3 16 -109 13
6 -181
6 5 -144 42
9 -96
9 6 0 27
9 12 0 54
11 -84
11 2 0 20
11 4 0 84
11 8 0 39
11 10 -40 91
11 12 -54 30
11 13 -75 66
11 14 0 56
13 -141
13 3 0 78
13 4 -84 88
13 8 -39 120
13 10 -131 17
13 12 -84 13
13 14 -56 1
13 15 -32 30
13 16 0 78
4 -172
4 2 -20 27
4 8 -159 14
4 10 -148 34
4 12 -97 74
4 15 -62 36
10 -182
10 6 -27 95
10 12 -171 39
10 15 -98 55
12 -210
12 3 -78 66
8 -173
8 3 -144 57
8 6 -122 59
8 15 -153 95
8 16 -78 18
15 -248
15 6 -181 73
6 -254
6 3 -201 120
6 14 -57 113
6 16 -96 73
3 -321
3 2 -47 40
3 14 -170 78
3 16 -169 13
14 -248
3 -201
3 2 -87 40
3 16 -182 13
9 -96
9 6 0 27
9 12 0 54
11 -84
11 2 0 20
11 4 0 84
11 8 0 39
11 10 -40 91
11 12 -54 30
11 13 -75 66
11 14 0 56
13 -141
13 3 0 156
13 4 -84 88
13 8 -39 120
13 10 -131 17
13 12 -84 13
13 14 -56 1
13 15 -32 30
4 -172
4 2 -20 27
4 8 -159 14
4 10 -148 34
4 12 -97 74
4 15 -62 36
10 -182
10 6 -27 95
10 12 -171 39
10 15 -98 55
12 -210
12 3 -156 66
3 -222
3 2 -47 122
3 6 -122 193
3 8 -173 75
3 14 -57 78
6 -315
6 8 -248 59
6 14 -135 113
6 15 -153 73
8 -307
8 15 -226 95
15 -321
8 -248
9 -96
9 6 0 27
9 12 0 54
11 -84
11 2 0 20
11 4 0 84
11 8 0 95
11 10 -40 91
11 12 -54 30
11 13 -75 66
13 -141
13 3 0 156
13 4 -84 88
13 8 -95 121
13 10 -131 17
13 12 -84 13
13 15 -32 30
8 -216
8 3 -156 153
8 4 -172 14
8 6 -27 172
8 15 -62 95
3 -309
3 2 -20 122
3 6 -199 193
3 12 -97 66
6 -392
6 10 -148 95
6 15 -157 73
10 -243
10 4 -186 34
10 12 -163 39
10 15 -230 55
15 -285
15 4 -220 36
4 -256
4 2 -142 27
4 12 -202 74
12 -276
9 -96
9 6 0 27
9 12 -32 54
12 -86
12 3 0 66
12 4 0 110
12 6 -27 73
12 8 0 95
12 10 -40 94
12 11 -84 30
12 13 -75 43
10 -134
10 4 -110 34
10 6 -100 95
10 11 -114 91
10 13 -118 17
11 -205
11 2 0 20
11 4 -144 84
11 8 -95 95
11 13 -135 66
4 -228
4 2 -20 27
4 8 -190 14
4 13 -201 88
13 -289
13 3 -66 156
13 8 -204 121
8 -325
8 3 -222 153
8 6 -195 172
3 -375
3 2 -47 122
3 6 -367 193
6 -560
9 -96
9 12 -32 54
12 -86
12 3 0 66
12 4 0 110
12 8 0 95
12 10 -40 94
12 11 -84 30
12 13 -75 43
10 -134
10 4 -110 34
10 11 -114 91
10 13 -118 17
11 -205
11 2 0 20
11 4 -144 84
11 8 -95 95
11 13 -135 66
4 -228
4 2 -20 27
4 8 -190 14
4 13 -201 88
13 -289
13 3 -66 156
13 8 -204 121
8 -325
8 3 -222 153
3 -375
3 2 -47 122
9 -96
9 12 -32 54
12 -86
12 4 0 110
12 8 0 95
12 10 -40 94
12 11 -84 30
12 13 -75 43
10 -134
10 4 -110 34
10 11 -114 91
10 13 -118 17
11 -205
11 2 0 20
11 4 -144 84
11 8 -95 95
11 13 -135 66
4 -228
4 2 -20 27
4 8 -190 14
4 13 -201 88
13 -289
13 8 -204 121
8 -325
9 -96
9 12 -32 54
12 -86
12 4 0 110
12 10 -40 94
12 11 -84 30
12 13 -75 43
10 -134
10 4 -110 34
10 11 -114 91
10 13 -118 17
11 -205
11 2 0 20
11 4 -144 84
11 13 -135 66
4 -228
4 2 -20 27
4 13 -201 88
13 -289
9 -96
9 12 -32 54
12 -86
12 4 0 110
12 10 -40 94
12 11 -84 30
10 -134
10 4 -110 34
10 11 -114 91
11 -205
11 2 0 20
11 4 -144 84
4 -228
4 2 -20 27
9 -96
9 12 -32 54
12 -86
12 10 -40 94
12 11 -84 30
10 -134
10 11 -114 91
11 -205
11 2 0 20
9 -96
9 12 -32 54
12 -86
12 10 -40 94
10 -134
9 -96
9 12 -32 54
12 -86
9 -96
