9 -96
9 6 0 27
9 12 0 54
11 -84
11 10 -40 91
11 2 0 20
11 4 0 84
11 8 0 39
11 13 -75 66
11 14 0 56
11 12 -54 30
13 -141
13 10 -131 17
13 3 0 78
13 8 -39 33
13 12 -84 13
13 7 0 87
13 16 0 78
13 14 -56 1
13 15 -32 30
13 4 -84 88
4 -172
4 10 -148 34
4 15 -62 36
4 2 -20 27
4 7 -87 14
4 12 -97 74
10 -182
10 6 -27 95
10 12 -171 39
10 15 -98 55
12 -210
12 3 -78 66
15 -153
15 7 -101 51
15 8 -72 44
15 6 -122 73
6 -195
6 3 -144 77
6 14 -57 97
6 7 -152 59
6 5 0 42
3 -221
3 2 -47 40
3 16 -78 13
3 14 -154 78
3 7 -211 1
3 5 -42 43
3 8 -116 56
14 -232
14 5 -85 16
7 -212
7 8 -172 41
8 -213
8 16 -91 18
16 -109
16 2 -87 82
16 5 -101 73
5 -174
9 -96
9 6 0 27
9 12 0 54
11 -84
11 10 -40 91
11 4 0 84
11 8 0 39
11 13 -75 66
11 14 0 56
11 12 -54 30
11 5 0 20
13 -141
13 10 -131 17
13 3 0 78
13 8 -39 33
13 12 -84 13
13 7 0 87
13 16 0 78
13 14 -56 1
13 15 -32 30
13 4 -84 88
4 -172
4 10 -148 34
4 15 -62 36
4 7 -87 14
4 12 -97 74
4 5 -20 27
10 -182
10 6 -27 95
10 12 -171 39
10 15 -98 55
12 -210
12 3 -78 66
15 -153
15 7 -101 51
15 8 -72 44
15 6 -122 73
6 -195
6 3 -144 77
6 14 -57 97
6 7 -152 59
6 5 -47 42
3 -221
3 16 -78 13
3 14 -154 78
3 7 -211 1
3 5 -89 83
3 8 -116 56
14 -232
14 5 -172 16
7 -212
7 8 -172 41
8 -213
8 16 -91 18
5 -188
5 16 -109 155
9 -96
9 6 0 27
9 12 0 54
11 -84
11 10 -40 91
11 4 0 84
11 8 0 39
11 13 -75 66
11 14 0 56
11 12 -54 30
11 5 0 20
13 -141
13 10 -131 17
13 3 0 78
13 8 -39 33
13 12 -84 13
13 7 0 87
13 14 -56 1
13 15 -32 30
13 4 -84 88
13 5 -20 78
4 -172
4 10 -148 34
4 15 -62 36
4 7 -87 14
4 12 -97 74
4 5 -98 27
10 -182
10 6 -27 95
10 12 -171 39
10 15 -98 55
12 -210
12 3 -78 66
15 -153
15 7 -101 51
15 8 -72 44
15 6 -122 73
6 -195
6 3 -144 77
6 14 -57 97
6 7 -152 59
6 5 -125 42
3 -221
3 14 -154 78
3 7 -211 1
3 5 -167 96
3 8 -116 56
5 -263
5 14 -232 16
5 8 -172 18
14 -248
7 -212
7 8 -190 41
9 -96
9 6 0 27
9 12 0 54
11 -84
11 10 -40 91
11 4 0 84
11 13 -75 66
11 14 0 56
11 12 -54 30
11 5 0 20
11 7 0 39
13 -141
13 10 -131 17
13 3 0 78
13 12 -84 13
13 7 -39 120
13 14 -56 1
13 15 -32 30
13 4 -84 88
13 5 -20 78
4 -172
4 10 -148 34
4 15 -62 36
4 7 -159 14
4 12 -97 74
4 5 -98 27
10 -182
10 6 -27 95
10 12 -171 39
10 15 -98 55
12 -210
12 3 -78 66
7 -173
7 15 -153 95
7 3 -144 57
7 6 -122 59
7 5 -125 18
15 -248
15 6 -181 73
6 -254
6 3 -201 77
6 14 -57 97
6 5 -143 42
3 -278
3 14 -154 78
3 5 -185 96
5 -281
5 14 -232 16
9 -96
9 6 0 27
9 12 0 54
11 -84
11 10 -40 91
11 4 0 84
11 13 -75 66
11 12 -54 30
11 5 0 76
11 7 0 39
13 -141
13 10 -131 17
13 3 0 78
13 12 -84 13
13 7 -39 120
13 15 -32 30
13 4 -84 88
13 5 -76 79
4 -172
4 10 -148 34
4 15 -62 36
4 7 -159 14
4 12 -97 74
4 5 -155 27
10 -182
10 6 -27 95
10 12 -171 39
10 15 -98 55
12 -210
12 3 -78 66
5 -182
5 3 -144 174
5 6 -122 139
5 7 -173 18
3 -318
3 7 -191 57
3 6 -261 77
6 -338
6 15 -153 73
6 7 -248 59
7 -307
7 15 -226 95
9 -96
9 6 0 27
9 12 0 54
11 -84
11 10 -40 91
11 4 0 84
11 13 -75 66
11 12 -54 30
11 5 0 76
11 7 -32 39
13 -141
13 10 -131 17
13 3 0 78
13 12 -84 13
13 7 -71 150
13 4 -84 88
13 5 -76 79
7 -221
7 3 -78 57
7 4 -172 50
7 6 -27 132
7 5 -155 18
7 10 -148 55
4 -222
4 10 -203 34
4 12 -97 74
4 5 -173 27
10 -237
10 6 -159 95
10 12 -171 39
6 -254
6 3 -135 77
6 5 -200 139
5 -339
5 3 -212 174
3 -386
3 12 -210 66
9 -96
9 6 0 27
9 3 0 54
11 -84
11 10 -40 91
11 4 0 84
11 13 -75 66
11 5 0 76
11 7 -32 39
11 3 -54 30
13 -141
13 10 -131 17
13 3 -84 91
13 7 -71 150
13 4 -84 88
13 5 -76 79
7 -221
7 3 -175 57
7 4 -172 50
7 6 -27 132
7 5 -155 18
7 10 -148 55
3 -232
3 5 -173 174
3 6 -159 77
3 10 -203 39
3 4 -222 74
5 -347
5 6 -236 139
5 4 -296 27
6 -375
6 10 -242 95
10 -337
10 4 -323 34
9 -96
9 6 0 27
9 3 0 54
11 -84
11 10 -40 175
11 13 -75 66
11 5 0 76
11 7 -32 39
11 3 -54 30
10 -215
10 6 -27 95
10 13 -141 105
10 7 -71 105
10 3 -84 113
10 5 -76 27
13 -246
13 3 -197 91
13 7 -176 150
13 5 -103 79
7 -326
7 3 -288 57
7 6 -122 132
7 5 -182 18
3 -345
3 5 -200 174
3 6 -254 77
5 -374
5 6 -331 139
9 -96
9 3 0 54
9 5 0 27
11 -84
11 10 -40 175
11 13 -75 66
11 5 -27 76
11 7 -32 39
11 3 -54 30
10 -215
10 13 -141 105
10 7 -71 105
10 3 -84 113
10 5 -103 122
13 -246
13 3 -197 91
13 7 -176 150
13 5 -225 79
7 -326
7 3 -288 57
7 5 -304 150
5 -454
5 3 -345 251
9 -96
9 5 0 81
11 -84
11 10 -40 175
11 13 -75 66
11 5 -81 106
11 7 -32 39
10 -215
10 13 -141 105
10 7 -71 105
10 5 -187 235
5 -422
5 13 -246 170
5 7 -176 207
13 -416
13 7 -383 150
13 -107
13 10 -40 210
13 11 -84 105
13 5 0 377
5 -377
5 11 -189 106
5 10 -250 235
5 9 -96 81
10 -485
10 11 -295 175
11 -470
11 -180
11 10 -40 175
11 13 -107 105
11 5 0 187
10 -215
10 13 -212 210
10 5 -187 235
13 -422
13 5 -422 377
11 -180
11 10 -40 175
11 13 -107 292
13 -399
13 10 -215 445
11 -180
11 13 -147 467